# contact :: CMIP6 CNRM-CM6-1_r1i1p1f2 MAM maxima of rx30day - East Africa floods 2024, c.barnes22@imperial.ac.uk 
# rx30day [mm/30day] March-May maximum of 30-day accumulated precipitation over Tanzania/Burundi/SW Kenya at EA-floods_rx30day-org_cmip6_CNRM-CM6-1_r1i1p1f2.dat
# year rx30day
1850 100.05328369140625
1851 88.94989013671875
1852 121.94245147705078
1853 120.19670104980469
1854 83.10087585449219
1855 101.2630615234375
1856 101.73052215576172
1857 105.99435424804688
1858 163.02537536621094
1859 83.77423858642578
1860 147.45474243164062
1861 60.591068267822266
1862 98.15312957763672
1863 90.73895263671875
1864 131.55886840820312
1865 152.94705200195312
1866 180.88685607910156
1867 168.37994384765625
1868 129.6716766357422
1869 151.23773193359375
1870 91.89556884765625
1871 98.00692749023438
1872 194.06076049804688
1873 195.7189178466797
1874 134.5821075439453
1875 163.18023681640625
1876 191.85841369628906
1877 182.15487670898438
1878 141.2450714111328
1879 166.20420837402344
1880 86.97297668457031
1881 142.85169982910156
1882 134.38880920410156
1883 193.67010498046875
1884 181.51416015625
1885 48.279659271240234
1886 116.16181182861328
1887 132.0885009765625
1888 88.20735168457031
1889 71.36739349365234
1890 91.8115463256836
1891 132.2798614501953
1892 169.81431579589844
1893 136.95968627929688
1894 126.93878173828125
1895 150.73651123046875
1896 156.91488647460938
1897 187.17689514160156
1898 169.52944946289062
1899 129.71099853515625
1900 133.57142639160156
1901 80.36854553222656
1902 121.84814453125
1903 104.52516174316406
1904 153.1977081298828
1905 117.52247619628906
1906 145.97508239746094
1907 124.22811126708984
1908 246.6936492919922
1909 178.4215087890625
1910 154.52601623535156
1911 126.50106048583984
1912 156.9333953857422
1913 180.42454528808594
1914 75.50105285644531
1915 105.43148803710938
1916 161.89370727539062
1917 76.986328125
1918 123.03565979003906
1919 100.15380096435547
1920 150.4390869140625
1921 200.7327117919922
1922 112.08606719970703
1923 138.5058135986328
1924 93.49657440185547
1925 112.07064056396484
1926 155.07054138183594
1927 143.5636749267578
1928 183.12164306640625
1929 201.76187133789062
1930 110.28675079345703
1931 117.00928497314453
1932 89.89794158935547
1933 108.06097412109375
1934 257.6393127441406
1935 148.60951232910156
1936 108.40184783935547
1937 73.14103698730469
1938 125.04924774169922
1939 101.15072631835938
1940 93.0479507446289
1941 121.72075653076172
1942 153.3502655029297
1943 106.81668853759766
1944 154.8635711669922
1945 116.20565032958984
1946 126.35271453857422
1947 131.18341064453125
1948 61.996524810791016
1949 183.02577209472656
1950 94.42716979980469
1951 108.36699676513672
1952 160.92056274414062
1953 140.37071228027344
1954 171.2636260986328
1955 155.39663696289062
1956 127.70904541015625
1957 151.45980834960938
1958 119.76885986328125
1959 196.8939208984375
1960 147.17245483398438
1961 157.3126678466797
1962 172.55233764648438
1963 97.63180541992188
1964 129.7746124267578
1965 134.93130493164062
1966 215.63218688964844
1967 119.93636322021484
1968 116.27493286132812
1969 152.15248107910156
1970 76.41830444335938
1971 190.8130340576172
1972 184.639404296875
1973 154.89566040039062
1974 120.15360260009766
1975 200.98126220703125
1976 120.00717163085938
1977 124.20854949951172
1978 192.6731414794922
1979 102.67193603515625
1980 116.85948944091797
1981 261.2396545410156
1982 145.49232482910156
1983 68.9501724243164
1984 68.18373107910156
1985 111.24673461914062
1986 196.3975830078125
1987 126.36031341552734
1988 224.9404296875
1989 214.30628967285156
1990 132.46556091308594
1991 157.1350860595703
1992 165.06385803222656
1993 125.8536605834961
1994 118.7424087524414
1995 113.60087585449219
1996 89.69688415527344
1997 163.3220977783203
1998 115.07606506347656
1999 111.52440643310547
2000 108.65678405761719
2001 189.66270446777344
2002 130.19747924804688
2003 99.70462036132812
2004 133.20115661621094
2005 147.0064239501953
2006 96.35340881347656
2007 124.38861846923828
2008 142.0209503173828
2009 184.69247436523438
2010 213.96656799316406
2011 97.92280578613281
2012 133.85247802734375
2013 142.61170959472656
2014 115.6814956665039
2015 125.15644073486328
2016 109.234619140625
2017 151.33920288085938
2018 119.130615234375
2019 85.57721710205078
2020 90.88644409179688
2021 61.42769241333008
2022 168.7294921875
2023 110.01180267333984
2024 68.6863784790039
2025 78.19771575927734
2026 167.4890899658203
2027 103.11502075195312
2028 151.27398681640625
2029 145.96966552734375
2030 109.71298217773438
2031 87.67882537841797
2032 159.9490203857422
2033 99.94205474853516
2034 159.21435546875
2035 107.760498046875
2036 121.21956634521484
2037 157.99427795410156
2038 157.59559631347656
2039 72.5866470336914
2040 201.3808135986328
2041 111.7779769897461
2042 106.65815734863281
2043 205.8016357421875
2044 120.33544921875
2045 141.55722045898438
2046 131.65037536621094
2047 86.68536376953125
2048 91.04544830322266
2049 155.3635711669922
2050 137.2618408203125
2051 106.66706085205078
2052 151.6759033203125
2053 118.71329498291016
2054 115.30134582519531
2055 124.52289581298828
2056 131.60301208496094
2057 94.35852813720703
2058 100.261474609375
2059 144.226318359375
2060 95.60649108886719
2061 149.3502655029297
2062 117.63240814208984
2063 123.525634765625
2064 62.620582580566406
2065 131.9928741455078
2066 90.04566955566406
2067 130.50611877441406
2068 143.09068298339844
2069 82.05060577392578
2070 178.31329345703125
2071 203.81314086914062
2072 84.78937530517578
2073 177.71217346191406
2074 131.5635528564453
2075 102.84834289550781
2076 123.68930053710938
2077 152.28106689453125
2078 126.58139038085938
2079 146.9673614501953
2080 151.00875854492188
2081 139.76353454589844
2082 119.51897430419922
2083 150.47927856445312
2084 126.19884490966797
2085 111.93862915039062
2086 190.5165252685547
2087 213.3955078125
2088 104.67452239990234
2089 95.5950698852539
2090 81.64482879638672
2091 110.7121810913086
2092 123.63693237304688
2093 179.49407958984375
2094 240.6279754638672
2095 241.81021118164062
2096 129.06114196777344
2097 178.5929412841797
2098 215.29550170898438
2099 211.52032470703125
