# contact :: CMIP6 CMCC-ESM2_r1i1p1f1 MAM maxima of rx30day - East Africa floods 2024, c.barnes22@imperial.ac.uk 
# pr [mm] March-May maximum of 30-day accumulated precipitation over Tanzania/Burundi/SW Kenya at EA-floods_rx30day-org_cmip6_CMCC-ESM2_r1i1p1f1.dat
# year pr
1850 178.89231872558594
1851 209.3863983154297
1852 142.9161376953125
1853 165.95635986328125
1854 268.0123596191406
1855 196.14004516601562
1856 158.66400146484375
1857 256.8529052734375
1858 193.8212890625
1859 157.649169921875
1860 224.15171813964844
1861 137.39642333984375
1862 179.29698181152344
1863 154.4934539794922
1864 169.8350830078125
1865 192.89051818847656
1866 186.42184448242188
1867 124.5429916381836
1868 158.273681640625
1869 205.89788818359375
1870 170.6748504638672
1871 185.20152282714844
1872 183.4911651611328
1873 158.0192108154297
1874 176.59933471679688
1875 196.8575897216797
1876 153.42391967773438
1877 147.89256286621094
1878 219.84324645996094
1879 167.71437072753906
1880 147.94398498535156
1881 180.93536376953125
1882 172.34046936035156
1883 160.4486846923828
1884 147.7295379638672
1885 161.2426300048828
1886 179.18649291992188
1887 148.86622619628906
1888 164.64923095703125
1889 164.53436279296875
1890 163.38291931152344
1891 158.56396484375
1892 162.29112243652344
1893 163.0836944580078
1894 146.28919982910156
1895 194.7041473388672
1896 125.11656188964844
1897 248.43939208984375
1898 173.61825561523438
1899 181.89816284179688
1900 174.97193908691406
1901 158.78736877441406
1902 223.69161987304688
1903 175.76808166503906
1904 192.83995056152344
1905 169.9169921875
1906 163.30113220214844
1907 159.6172332763672
1908 153.80641174316406
1909 143.71734619140625
1910 177.18374633789062
1911 177.6786346435547
1912 196.38722229003906
1913 164.47946166992188
1914 174.2220916748047
1915 202.7423095703125
1916 163.05357360839844
1917 172.42471313476562
1918 212.1345977783203
1919 175.58529663085938
1920 139.83349609375
1921 176.08958435058594
1922 172.98672485351562
1923 197.46351623535156
1924 208.4752960205078
1925 182.63922119140625
1926 161.5509796142578
1927 135.32310485839844
1928 232.0231170654297
1929 164.34751892089844
1930 172.1500244140625
1931 219.60838317871094
1932 176.48008728027344
1933 177.34652709960938
1934 176.46170043945312
1935 177.21681213378906
1936 212.16355895996094
1937 193.51429748535156
1938 176.657470703125
1939 215.18038940429688
1940 152.15257263183594
1941 215.5111846923828
1942 183.62498474121094
1943 218.23487854003906
1944 148.97738647460938
1945 143.7489776611328
1946 162.08877563476562
1947 137.73524475097656
1948 177.33773803710938
1949 175.8607940673828
1950 213.59706115722656
1951 198.1778564453125
1952 258.1199645996094
1953 145.2517547607422
1954 201.52691650390625
1955 210.6012420654297
1956 170.68788146972656
1957 186.5034942626953
1958 189.91262817382812
1959 204.69552612304688
1960 183.69168090820312
1961 140.57803344726562
1962 148.25738525390625
1963 185.8159637451172
1964 192.26229858398438
1965 196.564208984375
1966 192.78060913085938
1967 203.6675262451172
1968 308.0095520019531
1969 194.1924285888672
1970 208.2229461669922
1971 161.77928161621094
1972 161.85220336914062
1973 150.6922149658203
1974 142.71810913085938
1975 179.59986877441406
1976 125.38384246826172
1977 145.99851989746094
1978 158.34170532226562
1979 197.17784118652344
1980 190.0499267578125
1981 164.14646911621094
1982 160.06529235839844
1983 168.1421356201172
1984 185.85256958007812
1985 158.07643127441406
1986 256.7176513671875
1987 147.69183349609375
1988 163.13003540039062
1989 185.6949920654297
1990 153.06954956054688
1991 153.54635620117188
1992 145.86785888671875
1993 190.72360229492188
1994 201.53204345703125
1995 196.9358673095703
1996 187.45010375976562
1997 175.5341796875
1998 217.94451904296875
1999 161.57717895507812
2000 204.47625732421875
2001 172.31695556640625
2002 229.90293884277344
2003 200.50006103515625
2004 172.22108459472656
2005 210.31829833984375
2006 189.8775177001953
2007 182.51219177246094
2008 197.98533630371094
2009 190.88706970214844
2010 210.26925659179688
2011 192.08885192871094
2012 222.93069458007812
2013 190.7390594482422
2014 178.4625701904297
2015 123.9893798828125
2016 219.1699676513672
2017 219.6205596923828
2018 246.2698516845703
2019 238.1563720703125
2020 194.7571563720703
2021 201.86724853515625
2022 188.7736358642578
2023 215.09812927246094
2024 171.349853515625
2025 207.57090759277344
2026 225.61148071289062
2027 255.72413635253906
2028 189.72579956054688
2029 230.62872314453125
2030 228.3855743408203
2031 154.5090789794922
2032 240.13827514648438
2033 219.85565185546875
2034 213.46481323242188
2035 166.0329132080078
2036 161.62405395507812
2037 259.7427062988281
2038 212.88836669921875
2039 149.48658752441406
2040 218.64535522460938
2041 208.80445861816406
2042 225.8751983642578
2043 157.65692138671875
2044 242.03440856933594
2045 205.81280517578125
2046 182.58145141601562
2047 176.5453338623047
2048 214.25509643554688
2049 162.67019653320312
2050 153.53932189941406
2051 222.7500457763672
2052 234.04196166992188
2053 228.98092651367188
2054 200.61093139648438
2055 207.18548583984375
2056 180.05625915527344
2057 199.57449340820312
2058 221.3234100341797
2059 245.16110229492188
2060 204.776611328125
2061 142.2085418701172
2062 209.34716796875
2063 276.49774169921875
2064 170.0906982421875
2065 175.240478515625
2066 234.84738159179688
2067 299.343994140625
2068 241.6890411376953
2069 174.30694580078125
2070 197.81610107421875
2071 254.10568237304688
2072 259.963623046875
2073 220.91195678710938
2074 238.7303924560547
2075 286.17559814453125
2076 226.5210723876953
2077 323.9473571777344
2078 286.67938232421875
2079 222.02914428710938
2080 242.3650360107422
2081 278.53460693359375
2082 223.4925994873047
2083 246.19602966308594
2084 240.09097290039062
2085 242.62326049804688
2086 211.69287109375
2087 286.216552734375
2088 264.3764343261719
2089 233.302734375
2090 190.60882568359375
2091 192.44723510742188
2092 269.465087890625
2093 259.244873046875
2094 309.6026916503906
2095 193.218505859375
2096 221.05422973632812
2097 308.940673828125
2098 213.60202026367188
2099 266.63153076171875
