# contact :: CMIP6 EC-Earth3_r1i1p1f1 MAM maxima of rx30day - East Africa floods 2024, c.barnes22@imperial.ac.uk 
# rx30day [mm/30day] March-May maximum of 30-day accumulated precipitation over Tanzania/Burundi/SW Kenya at EA-floods_rx30day-org_cmip6_EC-Earth3_r1i1p1f1.dat
# year rx30day
1850 199.640625
1851 93.02420806884766
1852 183.23658752441406
1853 121.84663391113281
1854 189.4964599609375
1855 125.77452087402344
1856 99.60978698730469
1857 146.4805908203125
1858 126.54986572265625
1859 107.55696105957031
1860 182.75038146972656
1861 130.62535095214844
1862 156.674072265625
1863 220.5790557861328
1864 152.74691772460938
1865 132.70706176757812
1866 106.8669662475586
1867 159.48703002929688
1868 119.26834869384766
1869 191.66249084472656
1870 168.71839904785156
1871 196.22068786621094
1872 138.92202758789062
1873 141.74017333984375
1874 136.5618133544922
1875 116.80609893798828
1876 105.48930358886719
1877 122.35407257080078
1878 119.51404571533203
1879 140.36610412597656
1880 107.1154556274414
1881 227.95436096191406
1882 182.8025665283203
1883 130.15150451660156
1884 83.99585723876953
1885 132.0558319091797
1886 195.63365173339844
1887 129.2420196533203
1888 173.76885986328125
1889 143.70797729492188
1890 133.9000701904297
1891 119.62350463867188
1892 132.22628784179688
1893 148.23716735839844
1894 109.91455841064453
1895 162.64971923828125
1896 135.44337463378906
1897 131.09072875976562
1898 135.991943359375
1899 142.00534057617188
1900 132.0145721435547
1901 135.99754333496094
1902 139.8929443359375
1903 136.89767456054688
1904 172.12310791015625
1905 124.66117858886719
1906 143.2872772216797
1907 173.78680419921875
1908 139.21791076660156
1909 143.9287109375
1910 147.8511505126953
1911 120.4534912109375
1912 63.785465240478516
1913 129.55514526367188
1914 136.5897674560547
1915 154.10238647460938
1916 124.7627944946289
1917 167.8834686279297
1918 177.23876953125
1919 95.42591857910156
1920 115.0508804321289
1921 153.83775329589844
1922 129.54376220703125
1923 190.43423461914062
1924 118.78682708740234
1925 126.42244720458984
1926 129.33457946777344
1927 157.6653289794922
1928 181.5938720703125
1929 191.4747314453125
1930 156.70045471191406
1931 130.11996459960938
1932 143.68759155273438
1933 128.64093017578125
1934 114.0333251953125
1935 128.09291076660156
1936 167.7392578125
1937 111.02812957763672
1938 130.45469665527344
1939 137.27745056152344
1940 215.66661071777344
1941 170.22348022460938
1942 89.79276275634766
1943 131.96820068359375
1944 133.78713989257812
1945 130.99871826171875
1946 139.33065795898438
1947 169.63397216796875
1948 206.53407287597656
1949 85.39478302001953
1950 101.5008544921875
1951 110.48799896240234
1952 128.6279296875
1953 111.68805694580078
1954 213.39918518066406
1955 187.9511260986328
1956 172.78204345703125
1957 122.29015350341797
1958 154.69036865234375
1959 137.15670776367188
1960 140.5498046875
1961 196.72213745117188
1962 135.10177612304688
1963 101.62003326416016
1964 100.99425506591797
1965 138.09571838378906
1966 102.3442611694336
1967 154.93084716796875
1968 105.40393829345703
1969 154.318359375
1970 102.98482513427734
1971 119.11772918701172
1972 122.00341033935547
1973 153.172119140625
1974 131.9034423828125
1975 158.87594604492188
1976 129.34925842285156
1977 148.5322723388672
1978 148.39593505859375
1979 125.64875030517578
1980 123.07190704345703
1981 139.38961791992188
1982 174.7538604736328
1983 196.5938262939453
1984 121.88398742675781
1985 120.1844482421875
1986 139.94979858398438
1987 102.840087890625
1988 177.46597290039062
1989 138.65895080566406
1990 165.9730224609375
1991 141.31126403808594
1992 127.14612579345703
1993 123.81592559814453
1994 189.44085693359375
1995 143.9588165283203
1996 152.38006591796875
1997 132.11341857910156
1998 168.73741149902344
1999 171.21884155273438
2000 152.3261260986328
2001 92.98297882080078
2002 139.1183319091797
2003 108.13116455078125
2004 125.50017547607422
2005 155.5030517578125
2006 160.3292999267578
2007 141.6407928466797
2008 203.27645874023438
2009 191.22747802734375
2010 141.0603790283203
2011 106.59564971923828
2012 243.82510375976562
2013 145.51063537597656
2014 121.98302459716797
2015 122.33930969238281
2016 128.77706909179688
2017 135.72972106933594
2018 140.6139678955078
2019 134.84027099609375
2020 153.53834533691406
2021 136.59324645996094
2022 108.2016830444336
2023 138.6152801513672
2024 115.98186492919922
2025 139.785888671875
2026 162.23007202148438
2027 154.05523681640625
2028 172.9164276123047
2029 180.6217041015625
2030 255.6527557373047
2031 193.8785400390625
2032 188.12173461914062
2033 114.31517028808594
2034 132.7562713623047
2035 140.91859436035156
2036 180.23500061035156
2037 157.08868408203125
2038 195.35104370117188
2039 89.21868133544922
2040 170.42515563964844
2041 149.29116821289062
2042 162.74429321289062
2043 153.88211059570312
2044 188.2853240966797
2045 183.31015014648438
2046 172.48854064941406
2047 146.14390563964844
2048 198.23751831054688
2049 178.74093627929688
2050 148.72344970703125
2051 175.05679321289062
2052 153.8800048828125
2053 214.6939239501953
2054 232.13674926757812
2055 194.38882446289062
2056 155.98629760742188
2057 164.49777221679688
2058 189.27252197265625
2059 158.61927795410156
2060 224.71998596191406
2061 284.36053466796875
2062 204.06137084960938
2063 151.4457550048828
2064 184.05966186523438
2065 133.9999237060547
2066 173.3064727783203
2067 108.40168762207031
2068 192.7682647705078
2069 234.5054168701172
2070 169.4798126220703
2071 182.811279296875
2072 236.6514434814453
2073 150.82586669921875
2074 126.15028381347656
2075 163.0831756591797
2076 212.9359893798828
2077 230.268798828125
2078 184.55316162109375
2079 183.39601135253906
2080 235.73480224609375
2081 209.8819122314453
2082 130.90867614746094
2083 133.80972290039062
2084 258.060302734375
2085 261.21014404296875
2086 225.81100463867188
2087 199.19081115722656
2088 209.0369873046875
2089 236.34432983398438
2090 210.26002502441406
2091 208.59205627441406
2092 223.14410400390625
2093 161.23712158203125
2094 212.2150115966797
2095 162.81886291503906
2096 247.0556182861328
2097 170.4301300048828
2098 212.3453826904297
2099 233.74850463867188
