# contact :: CMIP6 IPSL-CM6A-LR-r1i1p1f1 HDWI5x (VPD from hursmin & tasmax) - Korea wildfires, c.barnes22@imperial.ac.uk 
# hdwi5x [] March maximum of 5-day rolling mean HDWI averaged over Korea at korea-fires_hdwi5x_cmip6_IPSL-CM6A-LR_r1i1p1f1_kr.dat
# year hdwi5x
1850 2.0 2.48703670501709
1851 2.0 6.354323863983154
1852 2.0 3.0528647899627686
1853 2.0 1.7529277801513672
1854 2.0 3.0265605449676514
1855 2.0 9.554142951965332
1856 2.0 5.917980194091797
1857 2.0 6.125020980834961
1858 2.0 3.223496675491333
1859 2.0 3.9989845752716064
1860 2.0 3.2889926433563232
1861 2.0 1.7582037448883057
1862 2.0 6.9954423904418945
1863 2.0 5.3181610107421875
1864 2.0 2.313567876815796
1865 2.0 2.775205612182617
1866 2.0 3.6696441173553467
1867 2.0 4.768504619598389
1868 2.0 3.059955596923828
1869 2.0 5.734936714172363
1870 2.0 2.098845958709717
1871 2.0 4.424168109893799
1872 2.0 4.323980331420898
1873 2.0 8.867303848266602
1874 2.0 11.968236923217773
1875 2.0 3.005826234817505
1876 2.0 4.005074977874756
1877 2.0 8.655353546142578
1878 2.0 2.8813741207122803
1879 2.0 4.749565601348877
1880 2.0 4.70881986618042
1881 2.0 8.359642028808594
1882 2.0 3.955169439315796
1883 2.0 2.5587680339813232
1884 2.0 3.0808706283569336
1885 2.0 2.635392665863037
1886 2.0 3.9400086402893066
1887 2.0 2.427598714828491
1888 2.0 3.245225667953491
1889 2.0 3.5560009479522705
1890 2.0 2.4515793323516846
1891 2.0 2.330202341079712
1892 2.0 3.721144199371338
1893 2.0 5.696506023406982
1894 2.0 3.8081955909729004
1895 2.0 3.5614078044891357
1896 2.0 2.811124324798584
1897 2.0 5.784790515899658
1898 2.0 3.7370927333831787
1899 2.0 6.31037712097168
1900 2.0 2.378176212310791
1901 2.0 4.739982604980469
1902 2.0 4.940454959869385
1903 2.0 3.5758728981018066
1904 2.0 4.641676425933838
1905 2.0 5.5901265144348145
1906 2.0 3.8991291522979736
1907 2.0 9.310437202453613
1908 2.0 4.001000881195068
1909 2.0 4.990899562835693
1910 2.0 2.105701208114624
1911 2.0 4.720137119293213
1912 2.0 2.671363592147827
1913 2.0 4.084031581878662
1914 2.0 11.058661460876465
1915 2.0 5.724240779876709
1916 2.0 2.371079206466675
1917 2.0 5.869095802307129
1918 2.0 4.767985820770264
1919 2.0 3.295787811279297
1920 2.0 2.652308702468872
1921 2.0 5.872354030609131
1922 2.0 6.93257999420166
1923 2.0 4.595748424530029
1924 2.0 2.162004232406616
1925 2.0 3.1615264415740967
1926 2.0 3.041609525680542
1927 2.0 2.61207914352417
1928 2.0 5.205535411834717
1929 2.0 3.281313419342041
1930 2.0 2.115494966506958
1931 2.0 6.8380866050720215
1932 2.0 6.050403594970703
1933 2.0 2.7019264698028564
1934 2.0 3.6251473426818848
1935 2.0 4.799391269683838
1936 2.0 2.787692070007324
1937 2.0 4.137581825256348
1938 2.0 6.855342388153076
1939 2.0 8.326042175292969
1940 2.0 4.933432102203369
1941 2.0 1.8912369012832642
1942 2.0 5.198146343231201
1943 2.0 8.440865516662598
1944 2.0 4.150918006896973
1945 2.0 3.585789203643799
1946 2.0 6.820461273193359
1947 2.0 3.158586263656616
1948 2.0 5.450134754180908
1949 2.0 4.485999584197998
1950 2.0 8.876595497131348
1951 2.0 2.9485042095184326
1952 2.0 6.2372145652771
1953 2.0 4.0347723960876465
1954 2.0 4.122649669647217
1955 2.0 2.992051839828491
1956 2.0 3.411996603012085
1957 2.0 3.129143476486206
1958 2.0 7.057106018066406
1959 2.0 2.5531458854675293
1960 2.0 5.250495433807373
1961 2.0 5.3223772048950195
1962 2.0 9.456706047058105
1963 2.0 9.590338706970215
1964 2.0 4.216867923736572
1965 2.0 5.013131618499756
1966 2.0 8.068450927734375
1967 2.0 2.5083906650543213
1968 2.0 5.297633647918701
1969 2.0 2.916285753250122
1970 2.0 6.782174587249756
1971 2.0 2.497022867202759
1972 2.0 7.1576972007751465
1973 2.0 3.57482647895813
1974 2.0 7.321334362030029
1975 2.0 5.007651329040527
1976 2.0 6.433086395263672
1977 2.0 2.669016122817993
1978 2.0 5.129977703094482
1979 2.0 2.7536234855651855
1980 2.0 7.463958740234375
1981 2.0 4.77325963973999
1982 2.0 3.0288965702056885
1983 2.0 4.238577842712402
1984 2.0 3.6574528217315674
1985 2.0 3.6888997554779053
1986 2.0 5.284435749053955
1987 2.0 3.5759551525115967
1988 2.0 5.577223300933838
1989 2.0 2.2629451751708984
1990 2.0 4.172053813934326
1991 2.0 5.538323402404785
1992 2.0 2.333406925201416
1993 2.0 9.326773643493652
1994 2.0 3.695391893386841
1995 2.0 2.265117645263672
1996 2.0 3.3700788021087646
1997 2.0 5.215943813323975
1998 2.0 5.1600341796875
1999 2.0 4.0229363441467285
2000 2.0 8.014602661132812
2001 2.0 5.249523639678955
2002 2.0 4.499956130981445
2003 2.0 4.003523349761963
2004 2.0 3.8958585262298584
2005 2.0 4.193423748016357
2006 2.0 5.718045234680176
2007 2.0 4.1962409019470215
2008 2.0 3.9468629360198975
2009 2.0 5.700738430023193
2010 2.0 3.384075880050659
2011 2.0 3.214205265045166
2012 2.0 5.6665849685668945
2013 2.0 3.4389119148254395
2014 2.0 2.509495496749878
2015 2.0 3.599738836288452
2016 2.0 2.937277317047119
2017 2.0 9.603182792663574
2018 2.0 9.788313865661621
2019 2.0 5.496191501617432
2020 2.0 8.21045207977295
2021 2.0 4.599589824676514
2022 2.0 5.050130844116211
2023 2.0 5.903937816619873
2024 2.0 5.350242614746094
2025 2.0 2.3439507484436035
2026 2.0 5.069184303283691
2027 2.0 9.950474739074707
2028 2.0 2.980316400527954
2029 2.0 4.359926700592041
2030 2.0 5.356433391571045
2031 2.0 5.066272735595703
2032 2.0 6.505788326263428
2033 2.0 6.850622653961182
2034 2.0 5.421996116638184
2035 2.0 3.9381635189056396
2036 2.0 6.2734599113464355
2037 2.0 8.79647159576416
2038 2.0 4.1542134284973145
2039 2.0 4.35347843170166
2040 2.0 16.785341262817383
2041 2.0 5.5831708908081055
2042 2.0 5.8328680992126465
2043 2.0 10.290678977966309
2044 2.0 5.297877311706543
2045 2.0 4.0886759757995605
2046 2.0 8.306015014648438
2047 2.0 4.179673671722412
2048 2.0 4.40589714050293
2049 2.0 4.457162380218506
2050 2.0 9.012765884399414
2051 2.0 8.456868171691895
2052 2.0 11.68232250213623
2053 2.0 7.690745830535889
2054 2.0 5.315185070037842
2055 2.0 6.415269374847412
2056 2.0 8.289143562316895
2057 2.0 6.74847936630249
2058 2.0 8.152844429016113
2059 2.0 16.15851402282715
2060 2.0 8.036127090454102
2061 2.0 6.459230899810791
2062 2.0 7.0175323486328125
2063 2.0 5.0569682121276855
2064 2.0 4.54822301864624
2065 2.0 6.925328254699707
2066 2.0 8.78213119506836
2067 2.0 4.4451904296875
2068 2.0 6.608677864074707
2069 2.0 7.718743801116943
2070 2.0 5.144815444946289
2071 2.0 7.762770175933838
2072 2.0 5.783195495605469
2073 2.0 6.4286651611328125
2074 2.0 15.277786254882812
2075 2.0 12.228160858154297
2076 2.0 5.9313883781433105
2077 2.0 6.807488441467285
2078 2.0 6.553082466125488
2079 2.0 12.495384216308594
2080 2.0 5.075969219207764
2081 2.0 14.079527854919434
2082 2.0 7.567151069641113
2083 2.0 9.779999732971191
2084 2.0 16.63607406616211
2085 2.0 7.526023864746094
2086 2.0 9.058306694030762
2087 2.0 13.251047134399414
2088 2.0 8.51348876953125
2089 2.0 10.182367324829102
2090 2.0 8.234946250915527
2091 2.0 11.478473663330078
2092 2.0 13.261573791503906
2093 2.0 5.672821521759033
2094 2.0 3.765981674194336
2095 2.0 9.988092422485352
2096 2.0 12.231735229492188
2097 2.0 12.774174690246582
2098 2.0 12.297186851501465
2099 2.0 6.123075008392334
2100 2.0 9.656440734863281
