# contact :: CMIP6 CNRM-CM6-1-r1i1p1f2 HDWI5x (VPD from hursmin & tasmax) - Korea wildfires, c.barnes22@imperial.ac.uk 
# hdwi5x [] March maximum of 5-day rolling mean HDWI averaged over Korea at korea-fires_hdwi5x_cmip6_CNRM-CM6-1_r1i1p1f2_kr.dat
# year hdwi5x
1850 2.0 8.037768363952637
1851 2.0 9.403556823730469
1852 2.0 9.33439826965332
1853 2.0 8.903430938720703
1854 2.0 9.215968132019043
1855 2.0 7.871337413787842
1856 2.0 6.857503414154053
1857 2.0 9.284148216247559
1858 2.0 7.727758884429932
1859 2.0 6.653260231018066
1860 2.0 7.616137981414795
1861 2.0 5.756447792053223
1862 2.0 8.75400447845459
1863 2.0 6.004134654998779
1864 2.0 6.106727123260498
1865 2.0 8.639967918395996
1866 2.0 9.707091331481934
1867 2.0 9.458949089050293
1868 2.0 8.72718334197998
1869 2.0 9.707926750183105
1870 2.0 8.563974380493164
1871 2.0 9.850069999694824
1872 2.0 6.638303279876709
1873 2.0 7.78353214263916
1874 2.0 7.58880615234375
1875 2.0 7.508655071258545
1876 2.0 6.876495361328125
1877 2.0 8.2388334274292
1878 2.0 7.572551727294922
1879 2.0 6.656219005584717
1880 2.0 12.345824241638184
1881 2.0 12.288939476013184
1882 2.0 7.930601596832275
1883 2.0 8.88241195678711
1884 2.0 8.729687690734863
1885 2.0 8.140974044799805
1886 2.0 6.630998134613037
1887 2.0 8.1310453414917
1888 2.0 8.530062675476074
1889 2.0 9.284056663513184
1890 2.0 6.1452555656433105
1891 2.0 6.2161993980407715
1892 2.0 7.853241920471191
1893 2.0 9.552115440368652
1894 2.0 9.828213691711426
1895 2.0 9.067503929138184
1896 2.0 8.766715049743652
1897 2.0 10.074637413024902
1898 2.0 9.144186019897461
1899 2.0 7.944061279296875
1900 2.0 7.709969520568848
1901 2.0 6.133879661560059
1902 2.0 7.737454414367676
1903 2.0 8.027989387512207
1904 2.0 9.520726203918457
1905 2.0 6.488733768463135
1906 2.0 7.302722454071045
1907 2.0 7.477636814117432
1908 2.0 8.185147285461426
1909 2.0 8.094023704528809
1910 2.0 6.964531898498535
1911 2.0 6.299996376037598
1912 2.0 8.253997802734375
1913 2.0 7.495676517486572
1914 2.0 6.7248077392578125
1915 2.0 6.417802333831787
1916 2.0 8.623998641967773
1917 2.0 10.435144424438477
1918 2.0 5.8602375984191895
1919 2.0 8.449824333190918
1920 2.0 9.399219512939453
1921 2.0 8.012072563171387
1922 2.0 9.362020492553711
1923 2.0 7.64883279800415
1924 2.0 8.890732765197754
1925 2.0 8.28315258026123
1926 2.0 10.476505279541016
1927 2.0 10.582984924316406
1928 2.0 7.6736602783203125
1929 2.0 9.331761360168457
1930 2.0 8.357954978942871
1931 2.0 7.232324123382568
1932 2.0 8.664911270141602
1933 2.0 6.925339698791504
1934 2.0 9.15396785736084
1935 2.0 10.82651424407959
1936 2.0 8.677752494812012
1937 2.0 10.067221641540527
1938 2.0 7.66109561920166
1939 2.0 10.824965476989746
1940 2.0 7.755064487457275
1941 2.0 6.92738676071167
1942 2.0 8.11927604675293
1943 2.0 10.630099296569824
1944 2.0 7.085895538330078
1945 2.0 7.383808135986328
1946 2.0 6.105556011199951
1947 2.0 8.327641487121582
1948 2.0 8.40418815612793
1949 2.0 6.545969486236572
1950 2.0 8.055521965026855
1951 2.0 8.712824821472168
1952 2.0 6.317142009735107
1953 2.0 8.12114143371582
1954 2.0 6.979580879211426
1955 2.0 7.433305263519287
1956 2.0 7.722176551818848
1957 2.0 8.472992897033691
1958 2.0 12.900413513183594
1959 2.0 9.861128807067871
1960 2.0 7.683939456939697
1961 2.0 8.1484956741333
1962 2.0 11.29001235961914
1963 2.0 10.19862174987793
1964 2.0 9.089895248413086
1965 2.0 10.09703540802002
1966 2.0 9.070149421691895
1967 2.0 6.561683177947998
1968 2.0 12.46662425994873
1969 2.0 7.739808082580566
1970 2.0 6.733157634735107
1971 2.0 9.431780815124512
1972 2.0 9.983800888061523
1973 2.0 8.467954635620117
1974 2.0 9.045649528503418
1975 2.0 7.994991302490234
1976 2.0 8.81379508972168
1977 2.0 8.895995140075684
1978 2.0 8.41849422454834
1979 2.0 6.409757137298584
1980 2.0 9.76545238494873
1981 2.0 10.209261894226074
1982 2.0 9.849220275878906
1983 2.0 6.990238189697266
1984 2.0 10.081583976745605
1985 2.0 6.965667724609375
1986 2.0 7.686010837554932
1987 2.0 6.898767948150635
1988 2.0 6.5704264640808105
1989 2.0 10.608839988708496
1990 2.0 5.790661811828613
1991 2.0 8.75389575958252
1992 2.0 8.628374099731445
1993 2.0 7.695717811584473
1994 2.0 11.872230529785156
1995 2.0 8.894543647766113
1996 2.0 9.276345252990723
1997 2.0 7.19624662399292
1998 2.0 10.261088371276855
1999 2.0 9.710648536682129
2000 2.0 10.52574634552002
2001 2.0 7.904431343078613
2002 2.0 8.858034133911133
2003 2.0 9.70810604095459
2004 2.0 6.588284492492676
2005 2.0 7.256805419921875
2006 2.0 6.130111217498779
2007 2.0 7.610051155090332
2008 2.0 7.578254699707031
2009 2.0 6.772892951965332
2010 2.0 13.197128295898438
2011 2.0 9.65937328338623
2012 2.0 8.59493350982666
2013 2.0 9.101202964782715
2014 2.0 7.205664157867432
2015 2.0 7.908870220184326
2016 2.0 8.515890121459961
2017 2.0 8.035605430603027
2018 2.0 7.22332763671875
2019 2.0 12.069963455200195
2020 2.0 8.59389877319336
2021 2.0 7.450267791748047
2022 2.0 8.16350269317627
2023 2.0 7.915928840637207
2024 2.0 7.296949863433838
2025 2.0 11.387309074401855
2026 2.0 6.928086757659912
2027 2.0 11.24460506439209
2028 2.0 9.809679985046387
2029 2.0 6.736682415008545
2030 2.0 10.496326446533203
2031 2.0 8.650822639465332
2032 2.0 8.93829345703125
2033 2.0 5.493836879730225
2034 2.0 8.520133972167969
2035 2.0 7.487708568572998
2036 2.0 9.204784393310547
2037 2.0 14.442987442016602
2038 2.0 9.301539421081543
2039 2.0 7.2319536209106445
2040 2.0 10.939593315124512
2041 2.0 8.724343299865723
2042 2.0 9.579222679138184
2043 2.0 9.199687957763672
2044 2.0 10.231952667236328
2045 2.0 11.067931175231934
2046 2.0 11.703015327453613
2047 2.0 8.760663032531738
2048 2.0 11.152617454528809
2049 2.0 7.026748180389404
2050 2.0 9.073453903198242
2051 2.0 12.466289520263672
2052 2.0 10.741475105285645
2053 2.0 11.912310600280762
2054 2.0 8.80001449584961
2055 2.0 9.70773983001709
2056 2.0 9.814706802368164
2057 2.0 8.177743911743164
2058 2.0 9.258770942687988
2059 2.0 9.413613319396973
2060 2.0 12.347212791442871
2061 2.0 14.836997032165527
2062 2.0 17.023605346679688
2063 2.0 8.922290802001953
2064 2.0 8.268426895141602
2065 2.0 8.727823257446289
2066 2.0 12.460732460021973
2067 2.0 10.279947280883789
2068 2.0 10.850401878356934
2069 2.0 12.165237426757812
2070 2.0 11.742849349975586
2071 2.0 11.202624320983887
2072 2.0 10.941646575927734
2073 2.0 9.478275299072266
2074 2.0 13.040701866149902
2075 2.0 11.849786758422852
2076 2.0 9.890372276306152
2077 2.0 8.286211967468262
2078 2.0 12.572649002075195
2079 2.0 12.259851455688477
2080 2.0 11.620649337768555
2081 2.0 10.888152122497559
2082 2.0 12.01831340789795
2083 2.0 10.566360473632812
2084 2.0 10.848040580749512
2085 2.0 10.57245922088623
2086 2.0 15.033238410949707
2087 2.0 13.169939041137695
2088 2.0 10.73332405090332
2089 2.0 11.506621360778809
2090 2.0 16.00337791442871
2091 2.0 10.990092277526855
2092 2.0 11.72789192199707
2093 2.0 13.93005084991455
2094 2.0 14.36744213104248
2095 2.0 10.948565483093262
2096 2.0 19.008716583251953
2097 2.0 11.117106437683105
2098 2.0 13.15848445892334
2099 2.0 15.821696281433105
2100 2.0 14.776541709899902
