# contact :: CMIP6 UKESM1-0-LL_R1I1P1F2_GN tn14x over Norway, Sweden and Finland - Fennoscandia heatwave, c.barnes22@imperial.ac.uk 
# tn14x [degC] - annual maximum of 14-day average of daily tn14ximum temperatures averaged over Norway, Sweden and Finland at fs-heatwave_tn14x_cmip6_UKESM1-0-LL_r1i1p1f2_gn.dat
# year tn14x
1850 8.988150596618652
1851 11.723240852355957
1852 10.109407424926758
1853 11.319140434265137
1854 9.797723770141602
1855 8.651796340942383
1856 10.94459342956543
1857 10.532184600830078
1858 8.837709426879883
1859 10.504329681396484
1860 10.216547012329102
1861 8.035421371459961
1862 11.027265548706055
1863 13.169026374816895
1864 11.468302726745605
1865 8.875422477722168
1866 8.303027153015137
1867 8.58189582824707
1868 9.816059112548828
1869 9.564142227172852
1870 9.591069221496582
1871 8.253491401672363
1872 10.002249717712402
1873 8.64315414428711
1874 10.320651054382324
1875 10.242070198059082
1876 12.291452407836914
1877 8.077066421508789
1878 12.242277145385742
1879 10.05582046508789
1880 11.01822280883789
1881 9.736854553222656
1882 10.244451522827148
1883 10.535886764526367
1884 9.366228103637695
1885 9.419112205505371
1886 11.079611778259277
1887 9.699589729309082
1888 8.352140426635742
1889 11.687750816345215
1890 10.382434844970703
1891 7.437885761260986
1892 9.661016464233398
1893 11.243976593017578
1894 10.65434741973877
1895 9.76834774017334
1896 9.918073654174805
1897 8.727086067199707
1898 9.117124557495117
1899 8.48836898803711
1900 8.793462753295898
1901 11.217432975769043
1902 10.116108894348145
1903 7.934850215911865
1904 8.758804321289062
1905 9.875314712524414
1906 9.965862274169922
1907 11.692843437194824
1908 11.057878494262695
1909 10.124588012695312
1910 9.840262413024902
1911 9.739405632019043
1912 12.35759449005127
1913 9.530933380126953
1914 7.858719348907471
1915 11.271750450134277
1916 11.46302318572998
1917 7.971903324127197
1918 8.50761604309082
1919 9.754323959350586
1920 8.364861488342285
1921 10.69150447845459
1922 9.530827522277832
1923 8.157707214355469
1924 10.353604316711426
1925 7.784269332885742
1926 9.276782035827637
1927 8.291345596313477
1928 8.949511528015137
1929 8.625753402709961
1930 8.500761032104492
1931 10.490346908569336
1932 7.38649845123291
1933 9.527233123779297
1934 11.192255973815918
1935 8.291163444519043
1936 8.563261985778809
1937 10.418285369873047
1938 8.04085636138916
1939 7.951502323150635
1940 10.317036628723145
1941 8.065460205078125
1942 11.064519882202148
1943 9.882511138916016
1944 11.189486503601074
1945 9.21721363067627
1946 9.718798637390137
1947 10.6185302734375
1948 10.80119800567627
1949 9.451258659362793
1950 9.60145092010498
1951 7.868833541870117
1952 9.216958999633789
1953 11.337027549743652
1954 10.51151180267334
1955 10.12910270690918
1956 9.145368576049805
1957 11.73819351196289
1958 8.761857986450195
1959 8.5433988571167
1960 8.347412109375
1961 7.030391693115234
1962 10.59119987487793
1963 11.43209171295166
1964 8.377077102661133
1965 8.654309272766113
1966 8.941498756408691
1967 8.238170623779297
1968 8.459220886230469
1969 10.45846176147461
1970 8.339231491088867
1971 8.593979835510254
1972 8.538125991821289
1973 8.5380859375
1974 8.850062370300293
1975 7.213716506958008
1976 6.506280899047852
1977 7.7827324867248535
1978 8.548127174377441
1979 9.26712417602539
1980 8.573465347290039
1981 7.746769428253174
1982 8.159418106079102
1983 9.695404052734375
1984 7.951971530914307
1985 8.586840629577637
1986 8.535638809204102
1987 9.173480987548828
1988 7.3298749923706055
1989 8.845367431640625
1990 9.043346405029297
1991 11.549358367919922
1992 6.850661754608154
1993 10.656368255615234
1994 11.173971176147461
1995 10.54043960571289
1996 11.411928176879883
1997 11.402851104736328
1998 10.044960021972656
1999 9.665063858032227
2000 9.95977783203125
2001 9.241758346557617
2002 10.113571166992188
2003 9.435346603393555
2004 11.10446834564209
2005 10.248648643493652
2006 9.229604721069336
2007 10.475120544433594
2008 11.146466255187988
2009 11.091876029968262
2010 10.612817764282227
2011 11.792559623718262
2012 10.896940231323242
2013 11.374228477478027
2014 12.883447647094727
2015 11.77796745300293
2016 12.145180702209473
2017 9.720542907714844
2018 12.475213050842285
2019 10.401971817016602
2020 12.487261772155762
2021 13.433491706848145
2022 12.764911651611328
2023 12.101771354675293
2024 12.497900009155273
2025 12.130594253540039
2026 12.52562141418457
2027 14.62849235534668
2028 12.436883926391602
2029 12.522564888000488
2030 11.807278633117676
2031 13.533930778503418
2032 14.308977127075195
2033 12.003941535949707
2034 11.395228385925293
2035 12.096556663513184
2036 11.76797103881836
2037 12.044933319091797
2038 14.726557731628418
2039 12.981562614440918
2040 14.2579984664917
2041 13.620362281799316
2042 13.114230155944824
2043 12.522700309753418
2044 14.392204284667969
2045 13.78347396850586
2046 12.435189247131348
2047 13.789617538452148
2048 13.187140464782715
2049 13.114774703979492
2050 14.305633544921875
2051 13.226940155029297
2052 14.458927154541016
2053 14.461217880249023
2054 14.721450805664062
2055 14.189146041870117
2056 14.832268714904785
2057 16.087989807128906
2058 14.090487480163574
2059 15.176003456115723
2060 16.03176498413086
2061 16.071523666381836
2062 16.609729766845703
2063 17.685819625854492
2064 14.391473770141602
2065 17.40784454345703
2066 17.948097229003906
2067 16.972959518432617
2068 15.587201118469238
2069 15.849212646484375
2070 19.318641662597656
2071 18.038497924804688
2072 14.199031829833984
2073 15.789227485656738
2074 15.756423950195312
2075 17.17150115966797
2076 17.149505615234375
2077 15.522470474243164
2078 18.136516571044922
2079 18.926372528076172
2080 16.900049209594727
2081 18.360769271850586
2082 19.0208797454834
2083 17.335596084594727
2084 18.462289810180664
2085 18.970645904541016
2086 18.249460220336914
2087 18.01211166381836
2088 18.765094757080078
2089 17.42874526977539
2090 19.408639907836914
2091 19.86493682861328
2092 19.515134811401367
2093 17.65537452697754
2094 22.784801483154297
2095 18.897308349609375
2096 18.909826278686523
2097 20.80039405822754
2098 22.615154266357422
2099 18.978225708007812
2100 18.434349060058594
