# contact :: CMIP6 KACE-1-0-G_R1I1P1F1_GR tx14x over Norway, Sweden and Finland - Fennoscandia heatwave, c.barnes22@imperial.ac.uk 
# tx14x [degC] - annual maximum of 14-day average of daily tx14ximum temperatures averaged over Norway, Sweden and Finland at fs-heatwave_tx14x_cmip6_KACE-1-0-G_r1i1p1f1_gr.dat
# year tx14x
1850 14.037934303283691
1851 16.683063507080078
1852 13.64289665222168
1853 12.909486770629883
1854 20.2676944732666
1855 20.870864868164062
1856 15.254222869873047
1857 17.053178787231445
1858 18.191280364990234
1859 15.827474594116211
1860 16.411846160888672
1861 16.065265655517578
1862 17.36730194091797
1863 14.802807807922363
1864 13.474796295166016
1865 15.570375442504883
1866 12.284710884094238
1867 13.833627700805664
1868 13.991429328918457
1869 16.742366790771484
1870 16.377450942993164
1871 16.278831481933594
1872 20.092144012451172
1873 14.540660858154297
1874 14.170106887817383
1875 14.223542213439941
1876 15.242380142211914
1877 15.488325119018555
1878 16.64226722717285
1879 14.645182609558105
1880 16.434934616088867
1881 16.815515518188477
1882 20.141864776611328
1883 13.941123962402344
1884 17.661659240722656
1885 19.34808349609375
1886 17.000640869140625
1887 17.287784576416016
1888 14.571370124816895
1889 18.623249053955078
1890 14.32032299041748
1891 19.847654342651367
1892 21.113414764404297
1893 15.28532886505127
1894 14.183990478515625
1895 16.666034698486328
1896 22.75544548034668
1897 19.32602310180664
1898 16.023487091064453
1899 14.322961807250977
1900 19.43191909790039
1901 14.663721084594727
1902 12.905974388122559
1903 12.823643684387207
1904 11.705144882202148
1905 12.70724868774414
1906 15.954228401184082
1907 22.030794143676758
1908 18.892841339111328
1909 17.425580978393555
1910 20.227840423583984
1911 13.406617164611816
1912 14.331881523132324
1913 13.580355644226074
1914 19.90198516845703
1915 14.251421928405762
1916 14.167778015136719
1917 16.895692825317383
1918 17.238746643066406
1919 14.096314430236816
1920 16.380107879638672
1921 12.1416654586792
1922 12.136027336120605
1923 18.17799186706543
1924 14.344503402709961
1925 20.67987060546875
1926 17.949115753173828
1927 19.146474838256836
1928 19.730960845947266
1929 14.16076946258545
1930 14.267182350158691
1931 13.841456413269043
1932 12.65333366394043
1933 17.407445907592773
1934 19.968875885009766
1935 19.511577606201172
1936 17.232330322265625
1937 16.79505729675293
1938 20.339258193969727
1939 13.380468368530273
1940 14.47261905670166
1941 14.662951469421387
1942 17.398540496826172
1943 20.706724166870117
1944 18.961055755615234
1945 16.802894592285156
1946 14.2568941116333
1947 16.673694610595703
1948 18.5161190032959
1949 17.211559295654297
1950 16.53729820251465
1951 16.873271942138672
1952 19.34053611755371
1953 14.20654010772705
1954 15.61213207244873
1955 18.259552001953125
1956 16.828170776367188
1957 19.23746109008789
1958 17.263273239135742
1959 18.4049072265625
1960 13.68576717376709
1961 19.152883529663086
1962 18.120922088623047
1963 14.48928451538086
1964 15.041192054748535
1965 15.95248794555664
1966 13.327241897583008
1967 17.58173179626465
1968 19.110239028930664
1969 20.274850845336914
1970 14.41890811920166
1971 13.21757984161377
1972 15.383615493774414
1973 18.774641036987305
1974 20.584861755371094
1975 17.282663345336914
1976 18.01691246032715
1977 14.576362609863281
1978 14.996264457702637
1979 15.512906074523926
1980 15.197858810424805
1981 17.079320907592773
1982 16.216279983520508
1983 15.2048978805542
1984 18.870784759521484
1985 20.60053062438965
1986 17.555837631225586
1987 17.669824600219727
1988 15.254166603088379
1989 13.506134986877441
1990 22.87743377685547
1991 20.248626708984375
1992 13.122092247009277
1993 18.89710807800293
1994 15.811195373535156
1995 13.274148941040039
1996 16.78219985961914
1997 18.040687561035156
1998 16.16851234436035
1999 14.865203857421875
2000 19.428110122680664
2001 18.695138931274414
2002 16.63412094116211
2003 20.124746322631836
2004 21.727680206298828
2005 16.018980026245117
2006 23.296836853027344
2007 15.387528419494629
2008 21.94254493713379
2009 16.260467529296875
2010 20.46302604675293
2011 21.270132064819336
2012 20.711557388305664
2013 16.303197860717773
2014 24.462446212768555
2015 17.888103485107422
2016 18.0889835357666
2017 19.019113540649414
2018 22.31049919128418
2019 27.232322692871094
2020 16.536508560180664
2021 19.719024658203125
2022 20.86389923095703
2023 23.239709854125977
2024 21.39304542541504
2025 20.642642974853516
2026 21.30923843383789
2027 22.216943740844727
2028 24.22543716430664
2029 19.584619522094727
2030 21.782081604003906
2031 24.991071701049805
2032 24.33817481994629
2033 24.174528121948242
2034 20.843093872070312
2035 25.64344596862793
2036 18.940698623657227
2037 27.45029640197754
2038 20.21343421936035
2039 27.021066665649414
2040 19.814062118530273
2041 22.144081115722656
2042 21.558916091918945
2043 22.831432342529297
2044 25.313444137573242
2045 24.685766220092773
2046 21.960844039916992
2047 20.441282272338867
2048 24.260347366333008
2049 23.215669631958008
2050 23.803369522094727
2051 20.031721115112305
2052 21.95330047607422
2053 27.33363151550293
2054 23.838939666748047
2055 21.79255485534668
2056 18.72081756591797
2057 21.33881950378418
2058 28.5548095703125
2059 26.755542755126953
2060 23.739992141723633
2061 26.34546661376953
2062 26.012598037719727
2063 21.9788761138916
2064 25.071956634521484
2065 20.29160499572754
2066 30.297073364257812
2067 28.067771911621094
2068 24.596994400024414
2069 25.972614288330078
2070 24.649707794189453
2071 30.245311737060547
2072 25.74860954284668
2073 21.283660888671875
2074 23.439353942871094
2075 24.15535545349121
2076 30.459617614746094
2077 22.927392959594727
2078 25.82362937927246
2079 27.115161895751953
2080 22.988399505615234
2081 25.206798553466797
2082 24.653316497802734
2083 25.622699737548828
2084 24.52501678466797
2085 31.202585220336914
2086 23.802316665649414
2087 24.56989097595215
2088 22.131610870361328
2089 27.717153549194336
2090 33.50225830078125
2091 25.929792404174805
2092 26.912050247192383
2093 23.825782775878906
2094 26.214763641357422
2095 29.938495635986328
2096 29.00799560546875
2097 29.358924865722656
2098 31.06220054626465
2099 29.464385986328125
2100 27.290334701538086
