# SGSAT 4-year running mean for Model UKESM1-0-LL_r1i1p1f2.hssp585 
1850 11.887527142353932
1850 12.694441375517428
1850 13.637954509220378
1850 14.459231188332424
1850 15.007315813331743
1850 15.156945520355876
1850 14.837545979715898
1850 14.087007611103886
1850 13.085891707972976
1850 12.162814015148427
1851 11.587893996725583
1851 11.495565015738293
1851 11.933989377402767
1851 12.678458231811646
1851 13.576688480632257
1851 14.435326549563783
1851 15.005239499080261
1851 15.179459171301062
1851 14.86103560807561
1851 14.062994052773334
1851 13.066826737365261
1851 12.148335738562011
1852 11.547165624665695
1852 11.521252491159345
1852 11.973709690358831
1852 12.759809932785927
1852 13.682087591708964
1852 14.512474644143936
1852 15.0673705201675
1852 15.214838863678935
1852 14.929525725911532
1852 14.19863344103294
1852 13.277588916778996
1852 12.338085360424515
1853 11.760794207648132
1853 11.660192038037366
1853 12.05886957936302
1853 12.893354244027734
1853 13.732955969075078
1853 14.545730602491119
1853 15.102760411740718
1853 15.234076370121656
1853 14.986171876148646
1853 14.275348015676585
1853 13.30824684805674
1853 12.41795205974232
1854 11.811659355483869
1854 11.73227526810659
1854 12.087511973328134
1854 12.807077728260708
1854 13.685191628432676
1854 14.507680538722681
1854 15.042946618452604
1854 15.15704841639797
1854 14.837964524705754
1854 14.059190673184489
1854 13.102840784358719
1854 12.198118533937901
1855 11.585584723523496
1855 11.441365518636033
1855 11.821366898624774
1855 12.582996926882913
1855 13.47247998109981
1855 14.337747494188491
1855 14.923426132227021
1855 15.044267071294684
1855 14.760003978787822
1855 14.071363706435207
1855 13.10128207702465
1855 12.298133355752114
1856 11.807236424128547
1856 11.679211725457463
1856 12.099236932784052
1856 12.80669879846603
1856 13.624973515978084
1856 14.513672372129747
1856 15.112776414372405
1856 15.235728489978385
1856 14.909537194688667
1856 14.179904086355862
1856 13.214084530848154
1856 12.374836434345312
1857 11.819669423667989
1857 11.713491798751036
1857 12.122813396425457
1857 12.856687255855036
1857 13.759447170859545
1857 14.580338264649512
1857 15.119780333134287
1857 15.252842487825433
1857 14.897203765560931
1857 14.177777086653023
1857 13.243312925040797
1857 12.358689064350358
1858 11.78118504203411
1858 11.671040820157515
1858 12.080495841646652
1858 12.818431434868174
1858 13.738798542517685
1858 14.550396784649976
1858 15.072541658966713
1858 15.24576467441311
1858 14.949467042779006
1858 14.240491163113262
1858 13.278259013049848
1858 12.329534333367974
1859 11.810253872676967
1859 11.794695332230447
1859 12.245396838333306
1859 13.01032855762665
1859 13.860025769256424
1859 14.579017907628796
1859 15.085034813170182
1859 15.2429780974619
1859 14.882871099021443
1859 14.160261680249135
1859 13.217281281542611
1859 12.321216910869396
1860 11.77343812175475
1860 11.699694320597146
1860 12.121794671998458
1860 12.878974059213888
1860 13.745897276875908
1860 14.543187636327815
1860 15.045683998510185
1860 15.177068796137121
1860 14.822075346747596
1860 14.099181549485664
1860 13.154122002792803
1860 12.28484290719554
1861 11.812545045816293
1861 11.716358026072669
1861 12.179944895529076
1861 12.915176850541215
1861 13.752810846278123
1861 14.568770010027464
1861 15.0946086921534
1861 15.264578662880169
1861 14.93334627913822
1861 14.250134899303632
1861 13.33825910343809
1861 12.482898536156512
1862 11.935785764360034
1862 11.822195247546517
1862 12.150253782205596
1862 12.835558929028622
1862 13.679361467355008
1862 14.46730129451825
1862 15.023748806081827
1862 15.135782886921689
1862 14.836128597036023
1862 14.121569386634192
1862 13.18816428720055
1862 12.33250013689964
1863 11.793375191090192
1863 11.72823546101067
1863 12.126775253771214
1863 12.875684725050817
1863 13.705745117575333
1863 14.48798584156539
1863 15.015087149144804
1863 15.137481404586396
1863 14.881082577920509
1863 14.226361237303166
1863 13.308276550808586
1863 12.475383505256602
1864 11.904183504377727
1864 11.804015886273632
1864 12.202023604082171
1864 12.856297196000327
1864 13.692933847452338
1864 14.451291076499032
1864 14.966063162633134
1864 15.145787991903475
1864 14.8454080967619
1864 14.131719745442709
1864 13.228251750578494
1864 12.306928255780349
1865 11.691891132791582
1865 11.551695835731564
1865 11.858753297143608
1865 12.598774474812913
1865 13.509745857336085
1865 14.347549931804707
1865 14.905747302425638
1865 15.03592787165799
1865 14.720873586492544
1865 13.984808013190246
1865 13.065225914340772
1865 12.18758409145481
1866 11.619437577190823
1866 11.514462709967574
1866 11.908970070565019
1866 12.674626466934157
1866 13.549668089733814
1866 14.371555465370633
1866 14.94399885446063
1866 15.100117365654825
1866 14.815361723281626
1866 14.14376159604386
1866 13.213857951238182
1866 12.31580864591271
1867 11.671021947557676
1867 11.567876215120876
1867 11.895849526320532
1867 12.621457515061877
1867 13.56872693226829
1867 14.37582930811351
1867 14.984787022030503
1867 15.163306341855915
1867 14.846682193508357
1867 14.136128676121459
1867 13.258316921088024
1867 12.426676363194133
1868 11.874131511721188
1868 11.750854038403276
1868 12.070339619946921
1868 12.727738460343474
1868 13.599564448453023
1868 14.426678275650204
1868 14.962108982103118
1868 15.077453890749581
1868 14.730275236322612
1868 13.964129126807308
1868 12.979099194939337
1868 12.046941956709915
1869 11.464859045061559
1869 11.382194870672762
1869 11.814921853740017
1869 12.611337941421382
1869 13.508284690778382
1869 14.293844222420105
1869 14.79555265844185
1869 14.892986061909298
1869 14.538591895771873
1869 13.81795413543918
1869 12.85722751070351
1869 11.92601801573197
1870 11.326957890092189
1870 11.174428194473094
1870 11.580585559518113
1870 12.383843952391857
1870 13.297085796405966
1870 14.182685907978026
1870 14.71554808162054
1870 14.874451219112458
1870 14.561512010042833
1870 13.795962318672608
1870 12.853233924176422
1870 12.00492823620175
1871 11.399995952808496
1871 11.331133253842623
1871 11.747683740700978
1871 12.47005965357775
1871 13.42947100300789
1871 14.276290652669772
1871 14.840174486890731
1871 15.008860714738361
1871 14.711855177589499
1871 14.01412993645856
1871 13.10536422950834
1871 12.237399669760123
1872 11.71410877144288
1872 11.646123260490569
1872 12.053824109039496
1872 12.820303011469619
1872 13.689559358885688
1872 14.515185521026766
1872 15.077776043215849
1872 15.23750099002595
1872 14.959403379972244
1872 14.274735536772098
1872 13.384220268332882
1872 12.534382842101806
1873 11.951260410480415
1873 11.873991859088122
1873 12.249803474884644
1873 12.98084724023127
1873 13.856478194515446
1873 14.634485924397282
1873 15.177222474000061
1873 15.249542668316778
1873 14.913744232047165
1873 14.193088929443135
1873 13.211663256708576
1873 12.306077860732273
1874 11.713989373286708
1874 11.592131426308953
1874 11.957597887689616
1874 12.708705693984058
1874 13.603517088225942
1874 14.422907842580372
1874 14.988052913224465
1874 15.146273594120515
1874 14.81070406505269
1874 14.04244163806969
1874 13.068783590237487
1874 12.170690367220928
1875 11.57946735247259
1875 11.50002448501003
1875 11.900405341949991
1875 12.609188915163713
1875 13.500817261749361
1875 14.352928365549587
1875 14.931583841076858
1875 15.113388027762298
1875 14.826194193271263
1875 14.055521687954922
1875 13.073944145638265
1875 12.1836467822054
1876 11.578225406661716
1876 11.509964892446376
1876 11.910868433375839
1876 12.652658099514738
1876 13.573789787324543
1876 14.378508144824565
1876 14.944933769402013
1876 15.079442322123484
1876 14.754889209490614
1876 14.085357102182101
1876 13.163242966993337
1876 12.300950240732945
1877 11.757995940934507
1877 11.586700074901387
1877 11.995085089056857
1877 12.732737256455266
1877 13.614212888142873
1877 14.51203019338027
1877 15.050992134922154
1877 15.240054576343738
1877 14.964458806610793
1877 14.262257798944788
1877 13.363322113193917
1877 12.481074750826465
1878 11.92036418762963
1878 11.811116675330865
1878 12.206977464026878
1878 12.959147075787087
1878 13.863368741490376
1878 14.697312575528287
1878 15.233736284377002
1878 15.378016436121285
1878 15.077726980873237
1878 14.33553806660558
1878 13.382077935576802
1878 12.467916283071858
1879 11.845832403452533
1879 11.740585119187003
1879 12.105296759049878
1879 12.820174838600053
1879 13.671359334707617
1879 14.475207718909516
1879 15.01000281470165
1879 15.124496001565674
1879 14.808074774759447
1879 14.065447968852098
1879 13.143271748538638
1879 12.278019661514222
1880 11.731952549217567
1880 11.667383164271342
1880 12.026729003237946
1880 12.77412669968956
1880 13.648060720818492
1880 14.443523196695935
1880 15.037851226726033
1880 15.166102026025229
1880 14.854233261740717
1880 14.155563187060167
1880 13.210266626997338
1880 12.38235728582572
1881 11.807990034527108
1881 11.666116695956404
1881 12.040858377808775
1881 12.72648071607999
1881 13.543940288372454
1881 14.367411344049344
1881 14.914198193624927
1881 15.056506855606443
1881 14.813064621739784
1881 14.039077380296618
1881 13.079946714145933
1881 12.205187896406315
1882 11.60611435319673
1882 11.575539301620935
1882 11.97342339939243
1882 12.746365883056626
1882 13.668273030052902
1882 14.517671164354198
1882 15.102752984623251
1882 15.2229066387616
1882 14.90694017035915
1882 14.131667685805311
1882 13.189599989711013
1882 12.4025578151292
1883 11.865324032957702
1883 11.844605861500938
1883 12.249493810509861
1883 12.899921895712396
1883 13.755664813595544
1883 14.554477029618184
1883 15.09060197168121
1883 15.20885518150611
1883 14.84676458347225
1883 14.0705332980165
1883 13.07261925401717
1883 12.178980684955334
1884 11.609492314927905
1884 11.506964236541336
1884 11.897879310207287
1884 12.614821505938266
1884 13.440159370448185
1884 14.226106533828442
1884 14.749354928058665
1884 14.862570406518046
1884 14.57469132362884
1884 13.79966122695538
1884 12.863585686928516
1884 12.013732934276732
1885 11.472852083450334
1885 11.443519842070558
1885 11.805807184954276
1885 12.527850831489914
1885 13.336039751051374
1885 14.113661046527554
1885 14.682903295894207
1885 14.8118370867397
1885 14.557908214939275
1885 13.83257769462081
1885 12.894094530166527
1885 12.010426288411963
1886 11.440671722892546
1886 11.373430125214355
1886 11.771714598714368
1886 12.53610049572849
1886 13.428980601902012
1886 14.245610837560434
1886 14.825837326849197
1886 14.99234084890476
1886 14.666921191483823
1886 13.96368921865539
1886 13.010546973736197
1886 12.152098125389983
1887 11.592981031951254
1887 11.534736640387536
1887 11.92269138944286
1887 12.634405515139818
1887 13.53749438758149
1887 14.315819976530761
1887 14.898605695772574
1887 15.03209901824492
1887 14.72298480933489
1887 14.053855983605601
1887 13.082252433270085
1887 12.242349839660989
1888 11.687307877097084
1888 11.611924848213746
1888 12.078404490454403
1888 12.837058405518121
1888 13.722755360074814
1888 14.526851940021018
1888 15.033872212627799
1888 15.138932338706056
1888 14.861709866918005
1888 14.180429299628557
1888 13.27107395800958
1888 12.424379059674848
1889 11.850494413094083
1889 11.725963674301525
1889 12.118009301531202
1889 12.840379872672614
1889 13.687077204053182
1889 14.484650066369412
1889 15.0360496412424
1889 15.170527232170258
1889 14.841976144648356
1889 14.097644144154913
1889 13.086442986544228
1889 12.224679764151148
1890 11.657446595441584
1890 11.538244732548009
1890 11.92504496082151
1890 12.645683507464128
1890 13.555565534381273
1890 14.417720904851421
1890 15.041708828002456
1890 15.204871381463775
1890 14.875265268613532
1890 14.113343844333201
1890 13.148531140707405
1890 12.284930490149478
1891 11.769122501667368
1891 11.754021450408658
1891 12.206017365778195
1891 12.986939649183412
1891 13.83838732081648
1891 14.62588617699818
1891 15.170998162806441
1891 15.288889613499492
1891 14.977986102885964
1891 14.272741688270372
1891 13.367321610870917
1891 12.483715251544638
1892 11.945960636434549
1892 11.917558974275948
1892 12.333410878902257
1892 13.048384177593391
1892 13.895722809736057
1892 14.675135055954954
1892 15.182536691737198
1892 15.32822479573285
1892 15.010480619998432
1892 14.20773475470088
1892 13.184231449451545
1892 12.277817655679243
1893 11.721993827191312
1893 11.667691940619534
1893 12.028571801563047
1893 12.750199582355535
1893 13.541519963698818
1893 14.281275490703038
1893 14.819661275424437
1893 14.91393567659037
1893 14.638112522044693
1893 13.935658930654427
1893 12.974157108057412
1893 12.110572978136844
1894 11.515563730986486
1894 11.425908895835832
1894 11.863566434317562
1894 12.651862302842574
1894 13.565148116298317
1894 14.396854489977116
1894 14.981232188997765
1894 15.109084717206159
1894 14.818933606332834
1894 14.13653964856124
1894 13.154524809625414
1894 12.293650768340996
1895 11.744127195026195
1895 11.623392604502982
1895 12.049276567025004
1895 12.81635751856534
1895 13.695646966472253
1895 14.52314693633403
1895 15.088434892132966
1895 15.184297073500332
1895 14.840807798747576
1895 14.082497000210566
1895 13.071232434859454
1895 12.217419938775919
1896 11.658629135586438
1896 11.610400213151024
1896 12.052500467312115
1896 12.779339275608649
1896 13.666717303809918
1896 14.474003361353397
1896 15.006110246239075
1896 15.170331485481256
1896 14.863987725667627
1896 14.19217466707535
1896 13.380737545567541
1896 12.573718660983758
1897 11.990602094530999
1897 11.825972962621009
1897 12.081288878224171
1897 12.71199192061161
1897 13.581766683536173
1897 14.373290411745643
1897 14.889174839010877
1897 15.005346780186855
1897 14.691701827363971
1897 13.950809334601644
1897 13.082346855518807
1897 12.263482234548079
1898 11.73903893770742
1898 11.71283926994522
1898 12.068982832809311
1898 12.797099344058978
1898 13.62611813102302
1898 14.434957635281435
1898 14.950478827408162
1898 15.058787976355262
1898 14.753456213975326
1898 14.023700098199356
1898 13.141074556582083
1898 12.232747768569851
1899 11.62952730958557
1899 11.494094533312975
1899 11.856806213259375
1899 12.64426594708624
1899 13.536544431642156
1899 14.36894298402666
1899 14.923500691062173
1899 15.042706213631362
1899 14.749781786653969
1899 14.07321949445901
1899 13.145392162345331
1899 12.321866136531725
1900 11.818208102672642
1900 11.74822136245372
1900 12.129813591211288
1900 12.847505995637846
1900 13.67493542919334
1900 14.466537051927574
1900 15.008113097477576
1900 15.12512667471428
1900 14.81615267217974
1900 14.030834987846418
1900 13.025495948066123
1900 12.141608770849857
1901 11.529094662324354
1901 11.455078983326686
1901 11.92208728062235
1901 12.644123742263204
1901 13.548874674615575
1901 14.379044710467525
1901 14.915163665155731
1901 15.054110492792773
1901 14.687897646018484
1901 13.840403741254477
1901 12.862086552041063
1901 11.916201692516168
1902 11.396303479490953
1902 11.445211500697937
1902 11.879266535866734
1902 12.682819688913483
1902 13.597601532125253
1902 14.42422312681714
1902 14.977472311364195
1902 15.14220947783788
1902 14.839795540084253
1902 14.116372692092838
1902 13.224887945368849
1902 12.393354042580498
1903 11.813811743396315
1903 11.748290577997054
1903 12.111723222648848
1903 12.824461690610661
1903 13.6935379692044
1903 14.446748948450022
1903 14.934272293210057
1903 14.991198178870235
1903 14.632300998454014
1903 13.904947629870932
1903 13.016252708110443
1903 12.127988784374892
1904 11.590700914719676
1904 11.413924721516068
1904 11.77202458672896
1904 12.559657507476487
1904 13.437641198172528
1904 14.336127335561955
1904 14.905837231198362
1904 15.046030811453093
1904 14.705784541298001
1904 13.980686633187617
1904 13.062399215905074
1904 12.246201675036119
1905 11.762385296301346
1905 11.6874761040213
1905 12.061060708977607
1905 12.736267881606395
1905 13.54148360079158
1905 14.313598166403295
1905 14.831546428469423
1905 14.972864017906119
1905 14.653074755775748
1905 13.945746396294396
1905 13.023915735523133
1905 12.114322867301183
1906 11.546380575556313
1906 11.47587014462303
1906 11.893345534129168
1906 12.665084045921603
1906 13.562382050897853
1906 14.36039220007865
1906 14.90444079643774
1906 15.044113008633474
1906 14.749263837753361
1906 14.021068099318569
1906 13.060047515780454
1906 12.223148070790103
1907 11.6964849385229
1907 11.66967765371821
1907 12.09851449115969
1907 12.850930724926926
1907 13.718340198683507
1907 14.525877367813223
1907 15.017592701871138
1907 15.120385496147435
1907 14.836538920641487
1907 14.100044958792594
1907 13.23423064709668
1907 12.36810468934361
1908 11.786147003853046
1908 11.714543665514697
1908 12.088397493423287
1908 12.855206977725757
1908 13.723756412905459
1908 14.509744610863208
1908 15.033796404360174
1908 15.119443041945928
1908 14.77361014970323
1908 14.050674265907332
1908 13.12486058774725
1908 12.26293123949246
1909 11.705062796345118
1909 11.610478024047922
1909 11.985687046968565
1909 12.699844105448179
1909 13.571624251144314
1909 14.401005740484464
1909 14.971584789219023
1909 15.11716358749085
1909 14.809069242358518
1909 14.09163071695427
1909 13.143901020009494
1909 12.306741101257188
1910 11.750300486376432
1910 11.612154241258153
1910 12.014879202913235
1910 12.738093433663323
1910 13.629396017815736
1910 14.462928940882762
1910 14.975156603281278
1910 15.05349149422291
1910 14.683704709915403
1910 13.948686323067491
1910 13.024271185562682
1910 12.214663789732754
1911 11.732760679765462
1911 11.691401843024522
1911 12.092177090055841
1911 12.82005422855022
1911 13.637610940192971
1911 14.440545760329798
1911 14.97634852448354
1911 15.086922825933584
1911 14.743108173173027
1911 13.978517305079762
1911 13.093589929030315
1911 12.228258434698944
1912 11.689813166321144
1912 11.636173007240046
1912 11.954237342335233
1912 12.71803969202162
1912 13.629239521689186
1912 14.415883768505779
1912 14.979590377094752
1912 15.096854909320058
1912 14.72776036969934
1912 13.95729478793993
1912 12.96472020771209
1912 12.108327470391018
1913 11.616194916085831
1913 11.599142394679617
1913 12.039178410012454
1913 12.742467099693087
1913 13.594908183933356
1913 14.372992235125636
1913 14.923998317815034
1913 15.082525401356648
1913 14.779875475104049
1913 14.08446165181195
1913 13.183125457647677
1913 12.352079224375345
1914 11.813989786996729
1914 11.79409537633127
1914 12.221926496265453
1914 12.944480276339974
1914 13.797002230741171
1914 14.539983809813222
1914 15.059922755413211
1914 15.198362719611652
1914 14.87385333980697
1914 14.150534289223359
1914 13.203742317745608
1914 12.302229886657685
1915 11.754985264739148
1915 11.682436535735249
1915 12.076202723732877
1915 12.870517769265021
1915 13.755960000036836
1915 14.597655206850732
1915 15.176220418996081
1915 15.345121245832743
1915 15.027508575363598
1915 14.254897529830046
1915 13.278280007894011
1915 12.294365473397022
1916 11.733324994394735
1916 11.654204839341176
1916 12.060760941822707
1916 12.839030726058937
1916 13.692014407406802
1916 14.520580247233298
1916 15.049634884560973
1916 15.164908440898742
1916 14.837648253220564
1916 14.04160281678216
1916 13.052839975739474
1916 12.152077143090565
1917 11.57082894709177
1917 11.539409846673948
1917 11.948161505456582
1917 12.73321985780234
1917 13.640475583581306
1917 14.437115502495317
1917 14.987556710147118
1917 15.088964094379307
1917 14.726086215794837
1917 13.922324230393485
1917 12.929553472108552
1917 12.089000263314446
1918 11.56117671809865
1918 11.525592732636653
1918 11.973190946624456
1918 12.68573311416823
1918 13.609643562875519
1918 14.44789200631125
1918 15.000358597901268
1918 15.147740274553826
1918 14.830957095697656
1918 14.146246380358306
1918 13.21525245142631
1918 12.349032891156796
1919 11.801036564027868
1919 11.740120203588276
1919 12.165794113557851
1919 12.94028834386809
1919 13.81693770467298
1919 14.632880224693821
1919 15.1825089916113
1919 15.313094385060822
1919 14.959704002315789
1919 14.19511260398231
1919 13.231203797615265
1919 12.36401306572958
1920 11.803919052692336
1920 11.701617545631038
1920 12.121231215594904
1920 12.819963824713
1920 13.694589199118425
1920 14.484691964136601
1920 14.976509854511889
1920 15.112650465153209
1920 14.799857179889486
1920 14.063108777510976
1920 13.14683780763312
1920 12.257720880168591
1921 11.662306307529647
1921 11.527820182783913
1921 11.88484259443561
1921 12.59755038603788
1921 13.50593089018787
1921 14.383327801382336
1921 14.902083539591658
1921 15.065799197087017
1921 14.701665765026561
1921 13.959909652145214
1921 13.036287161693636
1921 12.095032717874503
1922 11.514045360718427
1922 11.412041338858614
1922 11.840174458575277
1922 12.609934709879894
1922 13.525488983851659
1922 14.345661298696058
1922 14.858880276500003
1922 15.03882342038797
1922 14.76903489173236
1922 14.054742067392894
1922 13.148618418309596
1922 12.212464989490329
1923 11.593476135729759
1923 11.499266863588204
1923 11.921940343251066
1923 12.71047247790986
1923 13.591597097756193
1923 14.396472407441124
1923 14.884763742195346
1923 15.016661073136191
1923 14.707830038962229
1923 14.001360796625875
1923 13.111222928598252
1923 12.274417765308044
1924 11.76916455965862
1924 11.700482839193626
1924 12.116375957947028
1924 12.869986608023439
1924 13.726339245224835
1924 14.578525745877371
1924 15.098050020142267
1924 15.224297843425347
1924 14.912321864210696
1924 14.122339423693887
1924 13.212068183368586
1924 12.325945234400962
1925 11.863389262124173
1925 11.826653625489499
1925 12.214738575375875
1925 12.944654513038685
1925 13.727575808993905
1925 14.532325364920808
1925 15.037090355820993
1925 15.179756464139757
1925 14.842242257028943
1925 14.058334465022597
1925 13.144211863718482
1925 12.279599573128067
1926 11.767505161971272
1926 11.738249560555786
1926 12.171218812566053
1926 12.865562441690514
1926 13.681954839700083
1926 14.488771243658405
1926 15.00711429421979
1926 15.164530030089963
1926 14.837823272576685
1926 14.07706282850478
1926 13.130841021448049
1926 12.229499267683934
1927 11.635076280526462
1927 11.548516038505326
1927 11.912432715000008
1927 12.665296350436847
1927 13.5766486474282
1927 14.415579564727622
1927 14.932889204718592
1927 15.079655475687218
1927 14.775173042114986
1927 13.97906706367823
1927 13.01474989292447
1927 12.146401477590558
1928 11.56530082146709
1928 11.512517505929935
1928 12.016191804941386
1928 12.754752110353294
1928 13.651038322730699
1928 14.513561363936148
1928 15.012279095240956
1928 15.16154175144655
1928 14.838572851513234
1928 14.042702711896567
1928 13.081560409883977
1928 12.172236112735959
1929 11.61899679866886
1929 11.572360088041677
1929 11.977266814129976
1929 12.693719426814425
1929 13.585191217138231
1929 14.412080772341127
1929 14.957474042059559
1929 15.13372288493521
1929 14.807913348578126
1929 14.06862810209634
1929 13.141632494042042
1929 12.217882734330445
1930 11.686868423754916
1930 11.65083441304536
1930 12.051117980874437
1930 12.883476814245398
1930 13.78264430535394
1930 14.576711054450698
1930 15.132322198921386
1930 15.269795897210656
1930 14.939820123220983
1930 14.147138060744652
1930 13.18117193366804
1930 12.17370610941208
1931 11.575953058306226
1931 11.552742808315159
1931 11.952710353909225
1931 12.784655165382176
1931 13.659338048888372
1931 14.397811536703529
1931 14.911781586009141
1931 15.011898775575403
1931 14.664759499378562
1931 13.939921699093333
1931 12.950041853359181
1931 12.04131543094789
1932 11.476993170783487
1932 11.421171941334663
1932 11.87485728498514
1932 12.676134355159192
1932 13.60021564828429
1932 14.465980865790527
1932 15.003820242678344
1932 15.07456421665276
1932 14.746602842151418
1932 13.98977778941881
1932 13.066094662215463
1932 12.245705199380794
1933 11.692115353552623
1933 11.580277347602816
1933 11.976935918167143
1933 12.712208275378146
1933 13.601777403652449
1933 14.423207286044729
1933 14.945415716733123
1933 15.04948321232105
1933 14.739706316903096
1933 14.008854853169638
1933 13.086336188460663
1933 12.246069470759139
1934 11.59924308826885
1934 11.534704682480395
1934 11.96320252895974
1934 12.715658198252598
1934 13.671313328645766
1934 14.46808368889559
1934 14.975966742382312
1934 15.099984765905049
1934 14.70462098654616
1934 13.921775207765862
1934 12.901993465128783
1934 11.967365918972405
1935 11.41045315436142
1935 11.350896224754962
1935 11.801650961397172
1935 12.556443812240303
1935 13.478568389547618
1935 14.35234789819387
1935 14.93362611471764
1935 15.154052276131381
1935 14.89538060203627
1935 14.17425227758126
1935 13.224171133855265
1935 12.3735168371051
1936 11.799527276827888
1936 11.719342825984683
1936 12.126112102151211
1936 12.825161690752154
1936 13.702803957825253
1936 14.51156783805736
1936 15.066915346271756
1936 15.203923178745754
1936 14.860390105718636
1936 14.132923769408407
1936 13.210603052352127
1936 12.288310173891546
1937 11.62940731113548
1937 11.470566715291767
1937 11.791990390273483
1937 12.522376132285558
1937 13.483061456993184
1937 14.303740649054632
1937 14.840684633895606
1937 14.978430778494143
1937 14.621186342196083
1937 13.847154884840151
1937 12.899329824043903
1937 12.026134227617575
1938 11.46978857208451
1938 11.40606165294372
1938 11.790272224956624
1938 12.501530728480972
1938 13.396425419110642
1938 14.252687330088847
1938 14.825710497105277
1938 14.989028653068658
1938 14.65791829665541
1938 13.876417939527684
1938 12.862100760843461
1938 11.937063579638746
1939 11.381695773108888
1939 11.352015711460922
1939 11.853554897315334
1939 12.658767232593988
1939 13.534450979180264
1939 14.347706212432868
1939 14.932711663101585
1939 15.087847925715451
1939 14.85285282743574
1939 14.158170874162266
1939 13.231779348217927
1939 12.360505568368964
1940 11.736106702958864
1940 11.581686858175104
1940 11.897085878102786
1940 12.614606408037929
1940 13.482540388075734
1940 14.343265424414824
1940 14.899323462291946
1940 15.00573301803945
1940 14.668233621019965
1940 13.886272298557088
1940 12.912104075569758
1940 12.062943271456888
1941 11.574228994763587
1941 11.495835364847778
1941 11.92937188083458
1941 12.65458868236449
1941 13.508398107239643
1941 14.336546163746561
1941 14.876908406635593
1941 15.052696299232679
1941 14.75458090396782
1941 14.031597160788422
1941 13.129928490945517
1941 12.279453905186287
1942 11.78255716255373
1942 11.792454449401049
1942 12.22381219368826
1942 12.984978790076966
1942 13.843797416795894
1942 14.638857912237768
1942 15.160800685080446
1942 15.252265210863257
1942 14.845309855727507
1942 14.051438655739801
1942 13.05704979095043
1942 12.15144776341856
1943 11.556331531889938
1943 11.48057031764101
1943 11.84550756769724
1943 12.563464914482779
1943 13.47786291319953
1943 14.306168792842783
1943 14.906271526095352
1943 15.06848679716802
1943 14.771665947865856
1943 14.033849491401398
1943 13.097591760285454
1943 12.265586247170177
1944 11.718163591081705
1944 11.64659126396758
1944 12.062243678239511
1944 12.798195386758081
1944 13.71883387109294
1944 14.558946822517882
1944 15.077652513083251
1944 15.1518834815883
1944 14.82567081019613
1944 14.065867578896487
1944 13.112187955982563
1944 12.246366782053698
1945 11.667812356209126
1945 11.542329288128357
1945 11.927647213994604
1945 12.675576605551825
1945 13.50778920765815
1945 14.339203873002347
1945 14.904260594468184
1945 15.005361554395847
1945 14.6724099515163
1945 13.959927718429682
1945 12.971272160823176
1945 12.104124711011309
1946 11.554090034635479
1946 11.456092217616103
1946 11.929981887967983
1946 12.737484046187845
1946 13.669008416169746
1946 14.514767482322071
1946 15.03894891751574
1946 15.11189406719086
1946 14.764429868822546
1946 14.010279648951837
1946 13.052010979632229
1946 12.249571550948303
1947 11.73416948314366
1947 11.71541994213581
1947 12.170246510640354
1947 12.903047738649605
1947 13.749465102504644
1947 14.543003240851533
1947 15.054925626853034
1947 15.148022943428913
1947 14.835378820883093
1947 14.072224625893767
1947 13.113289740333784
1947 12.246768307906791
1948 11.732869801860545
1948 11.66975384701378
1948 12.100494471515574
1948 12.884843200048707
1948 13.712310685424583
1948 14.478047280771023
1948 14.941581327413417
1948 15.048168998897154
1948 14.747014433977611
1948 14.036518574710371
1948 13.175941202667673
1948 12.280975469930894
1949 11.654928759861562
1949 11.564120092096275
1949 11.90148972744258
1949 12.642311801677735
1949 13.553846461158116
1949 14.364144557061707
1949 14.903487200085777
1949 15.000473011343502
1949 14.638681468934507
1949 13.841184391324148
1949 12.811711567848107
1949 11.900954196837816
1950 11.361997268799385
1950 11.343033127657293
1950 11.86662912546791
1950 12.634834820978
1950 13.482851508773493
1950 14.246025390866663
1950 14.707943349547534
1950 14.822893174197958
1950 14.54991944052533
1950 13.820068532462386
1950 12.925655893675767
1950 12.050343624857433
1951 11.395243697647459
1951 11.341522808662958
1951 11.747557001510984
1951 12.521592852777388
1951 13.460426041122233
1951 14.280078959165834
1951 14.792362022460082
1951 14.926046936742651
1951 14.629364468707905
1951 13.898067282557918
1951 12.995377714036366
1951 12.142553884966077
1952 11.616808524972498
1952 11.52150878688478
1952 11.94147538913181
1952 12.663511397703957
1952 13.487723786698979
1952 14.297948157417636
1952 14.790307612485321
1952 14.93420754450139
1952 14.645783259595532
1952 13.96426920978567
1952 13.04291990344771
1952 12.165298939193718
1953 11.584136874705607
1953 11.45776423909976
1953 11.871716308401858
1953 12.62070200517924
1953 13.538095296958616
1953 14.3763558782246
1953 14.922360587118575
1953 15.074277928184145
1953 14.754480251861054
1953 14.030211216875685
1953 13.101778524765109
1953 12.258370913563994
1954 11.759163204871143
1954 11.736964369048849
1954 12.191114534048552
1954 12.996096678484605
1954 13.911284869265302
1954 14.734569457436976
1954 15.2610311063508
1954 15.339411293738408
1954 14.984281930941947
1954 14.244366897113082
1954 13.300281632248314
1954 12.433766162059158
1955 11.883900033647123
1955 11.715901005794635
1955 12.087007493251903
1955 12.80105052802088
1955 13.616061681257364
1955 14.475724590499652
1955 15.03360185661046
1955 15.155440192223736
1955 14.825867229719336
1955 14.082478216363839
1955 13.069474812980815
1955 12.196170891086453
1956 11.636650329545631
1956 11.537284172790663
1956 12.024348910925042
1956 12.783890354027065
1956 13.730843205385185
1956 14.600074009839972
1956 15.143521019240339
1956 15.28496688338673
1956 14.935553896297023
1956 14.210532773461196
1956 13.239825944566789
1956 12.305793712669882
1957 11.705235400083609
1957 11.580444680003396
1957 11.976865229962854
1957 12.758512965542167
1957 13.670103677603947
1957 14.486578894957447
1957 15.02390864345496
1957 15.13715644043755
1957 14.855524765455812
1957 14.153280033435522
1957 13.260342482722166
1957 12.45570340010758
1958 11.925424046282444
1958 11.898516281132032
1958 12.298867320048558
1958 13.014642204691214
1958 13.834401125581081
1958 14.579130603715583
1958 15.074222694472397
1958 15.152133580354999
1958 14.835702812581232
1958 14.127381584333477
1958 13.181333121751393
1958 12.293852506045482
1959 11.666590623155102
1959 11.56601214739392
1959 11.947431579731088
1959 12.739340577406765
1959 13.679010671130484
1959 14.488766820698928
1959 15.02524111286452
1959 15.106959438116093
1959 14.761927219882224
1959 14.050097859717468
1959 13.14015672037398
1959 12.353232665466237
1960 11.82703708956791
1960 11.721771123286231
1960 12.10942118520613
1960 12.828610296447167
1960 13.699340671254049
1960 14.487281746969913
1960 15.009644267616991
1960 15.060678702778034
1960 14.689722787035251
1960 13.959769844309292
1960 13.04954331764651
1960 12.210199712034921
1961 11.661103856203539
1961 11.594672935313184
1961 11.9781974101478
1961 12.714275105973215
1961 13.598278392503204
1961 14.353266270461802
1961 14.857803317685864
1961 14.96447178148351
1961 14.635020659179602
1961 13.964447944748756
1961 13.052596897959205
1961 12.246416033032162
1962 11.720331984500234
1962 11.675378555869045
1962 12.097942578879398
1962 12.868164797323047
1962 13.764990632247802
1962 14.555685599387019
1962 15.090945661718223
1962 15.175136828774484
1962 14.85689229268128
1962 14.090627072561148
1962 13.163345122114109
1962 12.297735264559307
1963 11.70501998461495
1963 11.655913672140898
1963 12.016378252028247
1963 12.710042592102596
1963 13.543616476630731
1963 14.272607402881079
1963 14.794109055367315
1963 14.890937180199842
1963 14.548719348858157
1963 13.831849096116528
1963 12.819578983459891
1963 11.871117150320018
1964 11.273997260851544
1964 11.155156432532777
1964 11.539965516369932
1964 12.329330925813352
1964 13.199761820568952
1964 13.991298589618438
1964 14.551852457459447
1964 14.664395313453497
1964 14.318263511652859
1964 13.59940908998621
1964 12.689618462072858
1964 11.836827434516081
1965 11.346573616274227
1965 11.306160088769644
1965 11.717917423192844
1965 12.511827807365378
1965 13.416984295079729
1965 14.212289060776541
1965 14.754443118960467
1965 14.903336989185178
1965 14.565874376202714
1965 13.844632240251357
1965 12.892006989090532
1965 11.995831555241182
1966 11.530329955404014
1966 11.516760026196351
1966 11.978057917750846
1966 12.743233435930478
1966 13.570003968708832
1966 14.33748240174728
1966 14.84914507283942
1966 14.943531380626624
1966 14.574096901091323
1966 13.818920032562843
1966 12.833225170953028
1966 11.9355858747235
1967 11.38094888705514
1967 11.292506496539971
1967 11.769733709751463
1967 12.534758906908792
1967 13.390674166519716
1967 14.246245258764333
1967 14.698559240761696
1967 14.794073339851707
1967 14.438837113340014
1967 13.629092219058478
1967 12.682035703661839
1967 11.765321238684251
1968 11.201823419729322
1968 11.075499960737318
1968 11.460208322447983
1968 12.255952054329839
1968 13.172149548086082
1968 13.983805362533545
1968 14.539632789861997
1968 14.642575986351659
1968 14.311859152503601
1968 13.65782332584449
1968 12.714953872046024
1968 11.848743941267585
1969 11.268227404670384
1969 11.170096601296805
1969 11.598550051501036
1969 12.3858675076753
1969 13.301796176769386
1969 14.090984496487906
1969 14.593793326375973
1969 14.692118701867912
1969 14.357578541398837
1969 13.645327772398389
1969 12.726770241371995
1969 11.902026289218298
1970 11.366430654301084
1970 11.303243495770388
1970 11.754919165990529
1970 12.467196450241289
1970 13.394978515710847
1970 14.252457783697096
1970 14.777727039150548
1970 14.941136550590514
1970 14.571908570558008
1970 13.803882483929087
1970 12.833877394953447
1970 11.907287570533441
1971 11.35910742393618
1971 11.219124097095417
1971 11.665242512756578
1971 12.491446086784151
1971 13.379432623306656
1971 14.25556344488956
1971 14.7454363308062
1971 14.814394825459985
1971 14.44221177187677
1971 13.65715901385731
1971 12.67159868298485
1971 11.808352602755704
1972 11.290151657929158
1972 11.222731067947805
1972 11.65889702022399
1972 12.375996015067173
1972 13.266909415330005
1972 14.158839539113998
1972 14.70583020978826
1972 14.840385071997872
1972 14.506089931677423
1972 13.668468508239698
1972 12.749536879513656
1972 11.88287721596356
1973 11.355827600713226
1973 11.338443824092266
1973 11.7698878596605
1973 12.539763452685904
1973 13.413693907335556
1973 14.207556765047826
1973 14.680432767973386
1973 14.76043463096498
1973 14.368084377578626
1973 13.603501472856706
1973 12.663428613127593
1973 11.799046248351758
1974 11.278269290111027
1974 11.209858859339278
1974 11.651613021342769
1974 12.431504918657026
1974 13.349459261880483
1974 14.218470112860189
1974 14.739902156934079
1974 14.840654154209034
1974 14.483902349714583
1974 13.659624113001584
1974 12.65442021191437
1974 11.755952438774031
1975 11.248392842344302
1975 11.276212010808749
1975 11.781751457279157
1975 12.625810864169054
1975 13.494098992124137
1975 14.298992232911075
1975 14.826850016185361
1975 14.934091466899872
1975 14.63287845539972
1975 13.85176436788501
1975 12.873245372968341
1975 11.97133300805875
1976 11.409694614174882
1976 11.403255861953667
1976 11.88417691429548
1976 12.682489317626064
1976 13.559868021910091
1976 14.347584895377537
1976 14.81937356660164
1976 14.926729381679436
1976 14.577947709077108
1976 13.798574996015546
1976 12.850230572064987
1976 11.944415629869582
1977 11.367689472239391
1977 11.337414585683703
1977 11.79996439649716
1977 12.565268088729638
1977 13.471702552672454
1977 14.297356052068807
1977 14.809407744383847
1977 14.926177581958683
1977 14.57056992385246
1977 13.803041170622308
1977 12.797635347660915
1977 11.893008103217738
1978 11.365744300127119
1978 11.366065412430018
1978 11.87590350370398
1978 12.679076073816077
1978 13.599456048252577
1978 14.391756202680867
1978 14.942116773810397
1978 15.060952535180476
1978 14.676607859456311
1978 13.896271556587507
1978 12.921089261439732
1978 12.024322186906986
1979 11.519560502881248
1979 11.473493089276914
1979 11.876299879130286
1979 12.653858638692682
1979 13.528942004808073
1979 14.309438374249282
1979 14.80857667957811
1979 14.890466964765977
1979 14.568972929199006
1979 13.775326687899508
1979 12.808618964066042
1979 11.929606267132328
1980 11.333676450202375
1980 11.274528212360167
1980 11.69636174004934
1980 12.479960218981333
1980 13.398546245641356
1980 14.261913940849354
1980 14.814951525533061
1980 14.91121015194851
1980 14.553314222135612
1980 13.789005068398751
1980 12.847077113092894
1980 12.008311435669341
1981 11.442318125062613
1981 11.357019516802993
1981 11.845102335717485
1981 12.637760008214002
1981 13.573636860846136
1981 14.447760000417617
1981 14.930314743178712
1981 15.003496460041248
1981 14.64630503836959
1981 13.870311094791063
1981 12.935039584786239
1981 12.044860543648099
1982 11.518284643900103
1982 11.507851884079969
1982 11.938913101516093
1982 12.73312468702224
1982 13.631454689662235
1982 14.411738888098014
1982 14.941981920845322
1982 15.04045251569758
1982 14.649817297402834
1982 13.89661671816721
1982 12.94421581586711
1982 12.084150700818228
1983 11.578032004351456
1983 11.56063734381577
1983 11.971611949281836
1983 12.744318231205725
1983 13.615399151758567
1983 14.382992636757393
1983 14.88423380388825
1983 14.996507069200845
1983 14.679008465866247
1983 13.906262332176254
1983 12.998832409248791
1983 12.131893733742103
1984 11.593219954944232
1984 11.60351411955358
1984 12.051027633582194
1984 12.806195373884151
1984 13.653668186350359
1984 14.413871640709829
1984 14.901222218996764
1984 15.017304203522713
1984 14.647073980322347
1984 13.881062889990304
1984 12.880607395751639
1984 11.9790584146333
1985 11.44728269693536
1985 11.362203940231055
1985 11.81462415562892
1985 12.566723393773032
1985 13.493039500068804
1985 14.344252403635224
1985 14.86449204576813
1985 14.98370247484209
1985 14.62780918332308
1985 13.858905662236026
1985 12.914349190652942
1985 12.042256038498977
1986 11.50899447905627
1986 11.495468313106656
1986 11.959455755176904
1986 12.775625197030436
1986 13.691186996744634
1986 14.508545993370475
1986 15.036614507094
1986 15.132734917167326
1986 14.799326174686101
1986 14.059322357175745
1986 13.151025094868317
1986 12.402033809818178
1987 11.932906217110826
1987 11.846491824501115
1987 12.212681205959385
1987 12.82948371631663
1987 13.61412666519081
1987 14.428000879379141
1987 14.941521302516307
1987 15.060681117006965
1987 14.691440285349515
1987 13.948059389890616
1987 12.974078747519073
1987 12.054429471704537
1988 11.487882785680625
1988 11.44566909632394
1988 11.94476949410118
1988 12.784833585517418
1988 13.748057678396265
1988 14.533405775439363
1988 15.027231261553396
1988 15.126369859766086
1988 14.798393049359134
1988 14.067316484421696
1988 13.120867707190428
1988 12.23682121468859
1989 11.67076983883885
1989 11.60362062204085
1989 12.050579313885393
1989 12.865521894342038
1989 13.758856142291663
1989 14.620341922273454
1989 15.146978641418315
1989 15.251998894460115
1989 14.95421976043454
1989 14.256683552160794
1989 13.371084019732578
1989 12.554820890685292
1990 12.073863764769811
1990 12.020150042607582
1990 12.444801025784756
1990 13.201993738626086
1990 14.032363707853364
1990 14.814970007919356
1990 15.324377955848476
1990 15.407475493542734
1990 15.046499884802003
1990 14.223660857800141
1990 13.231851570221579
1990 12.35937878666202
1991 11.795710833966382
1991 11.727349166625288
1991 12.1945400933989
1991 12.940493978853937
1991 13.815765093816964
1991 14.635822188019773
1991 15.145351929885095
1991 15.201710844896695
1991 14.8366977387453
1991 14.10557431672639
1991 13.052270632998514
1991 12.142124892559067
1992 11.558912064002769
1992 11.426353048212007
1992 11.871971473273689
1992 12.659185597905633
1992 13.531549350026253
1992 14.337620315851993
1992 14.850071816287425
1992 14.929083482101944
1992 14.572125121269849
1992 13.80573811430719
1992 12.927438052106368
1992 12.110342219191196
1993 11.609996378253484
1993 11.593236546929603
1993 11.999371129966065
1993 12.756853822816112
1993 13.698898227027186
1993 14.517945126848844
1993 15.063314094715679
1993 15.210830842876604
1993 14.895904272817717
1993 14.20002074039192
1993 13.223632265651602
1993 12.37011168900321
1994 11.821672118743876
1994 11.741099053920522
1994 12.218171915759484
1994 12.969811065390545
1994 13.835020727582616
1994 14.678080639939395
1994 15.206613159801918
1994 15.332072043174676
1994 15.02643455158966
1994 14.271165921251452
1994 13.285854954923565
1994 12.320879406603424
1995 11.676628627648995
1995 11.61845007565735
1995 12.10897320578131
1995 12.931303357603753
1995 13.902975902390097
1995 14.699456926421334
1995 15.17874218666931
1995 15.351198308096187
1995 15.041753394664497
1995 14.304775145303807
1995 13.407745443507764
1995 12.487089850434302
1996 11.924162327977768
1996 11.862936279945828
1996 12.268539528688038
1996 13.054579246953608
1996 13.960112132589984
1996 14.800003254259948
1996 15.349813754664098
1996 15.507097624288221
1996 15.222094497350682
1996 14.508290649764135
1996 13.523105752081676
1996 12.567236302576802
1997 11.93559623283467
1997 11.763580212227481
1997 12.231418969886235
1997 13.069821650608674
1997 14.021208319588837
1997 14.94991766924987
1997 15.507711802324025
1997 15.665939715856979
1997 15.351566406230845
1997 14.60989923902764
1997 13.644810825943111
1997 12.737781224828183
1998 12.192288002896191
1998 12.082066238285094
1998 12.538407880460412
1998 13.339830081485005
1998 14.228427336022577
1998 15.112058174968325
1998 15.639608697288438
1998 15.753652353825089
1998 15.441850899356623
1998 14.690164379730888
1998 13.725497293309715
1998 12.812489479114276
1999 12.165218537282101
1999 12.067513468411917
1999 12.482733943954742
1999 13.230197252263977
1999 14.17098948957782
1999 15.019145404978303
1999 15.592751045196593
1999 15.765745649277974
1999 15.466549366490312
1999 14.70489972312187
1999 13.695677430151733
1999 12.785301675008341
2000 12.202797895009894
2000 12.160055233609938
2000 12.651103597267365
2000 13.438426816715875
2000 14.371839073265946
2000 15.169568628731952
2000 15.657571783032267
2000 15.76833667252015
2000 15.399723839050324
2000 14.653028174374626
2000 13.693334644236486
2000 12.800659445834441
2001 12.196323613314078
2001 12.156597157584358
2001 12.583299333187995
2001 13.353983588202993
2001 14.29265462630616
2001 15.068016897640675
2001 15.632839212409593
2001 15.767724024166341
2001 15.453119599372414
2001 14.763009056116331
2001 13.855580774624883
2001 13.034118624995074
2002 12.53224378268699
2002 12.498880041681588
2002 12.925432040580858
2002 13.679289397542178
2002 14.536226295050412
2002 15.313050388224454
2002 15.79216197893166
2002 15.867494721094431
2002 15.508077783171117
2002 14.725187192935707
2002 13.724655150192248
2002 12.852515594823117
2003 12.240310213328371
2003 12.142436353104259
2003 12.57167988099198
2003 13.327107136082404
2003 14.249746786138203
2003 15.100562327434446
2003 15.66639378327119
2003 15.796969143514389
2003 15.503526654036236
2003 14.772574500561419
2003 13.851393014860776
2003 12.931182823392149
2004 12.35787257595642
2004 12.210044713694145
2004 12.567855294902017
2004 13.333852294929855
2004 14.202632269063045
2004 15.09624446616698
2004 15.660815132220506
2004 15.830931374775005
2004 15.542648605092154
2004 14.81150290433628
2004 13.853115369721948
2004 12.956343497488803
2005 12.387289816443385
2005 12.312333852315518
2005 12.785923879148157
2005 13.547239292864447
2005 14.421161421547595
2005 15.203412552347984
2005 15.662261896718817
2005 15.779485522413381
2005 15.482837484957045
2005 14.759850622300092
2005 13.794785574669021
2005 12.845253354964669
2006 12.26113865486495
2006 12.150978639223268
2006 12.576420532362945
2006 13.377546430159455
2006 14.216469786455761
2006 15.068138884068688
2006 15.643973695431782
2006 15.778998129115948
2006 15.548871022074195
2006 14.796973130948416
2006 13.831833790037138
2006 12.957294083168051
2007 12.348889378030336
2007 12.25657440352066
2007 12.646843185163164
2007 13.420530755029247
2007 14.32625726656046
2007 15.205817504083669
2007 15.794735577423026
2007 15.903208856198304
2007 15.573847396553802
2007 14.831362527103423
2007 13.842756430002495
2007 12.989250546667108
2008 12.472587984602939
2008 12.373888546559371
2008 12.813182865265802
2008 13.542459957525466
2008 14.4118195745762
2008 15.254823431380132
2008 15.833544802730657
2008 16.003149493222693
2008 15.6805130733308
2008 14.931109247912985
2008 13.956108531273586
2008 13.05190331768101
2009 12.514126512590323
2009 12.471911046501432
2009 12.897766818368211
2009 13.6770347392074
2009 14.534953489920426
2009 15.304782223766324
2009 15.839186342062533
2009 15.939111227045515
2009 15.640842765123523
2009 14.93442774401845
2009 13.948550324802795
2009 13.061130899557128
2010 12.495641769081288
2010 12.381462018555965
2010 12.838157679386299
2010 13.650175393742131
2010 14.53053221344544
2010 15.384784748579278
2010 15.905726477169992
2010 16.020035796608013
2010 15.686270271730834
2010 14.97460766133301
2010 14.072288416006757
2010 13.243045405261583
2011 12.7036246380721
2011 12.57994775004795
2011 12.96270539290937
2011 13.650284217217134
2011 14.548693022367047
2011 15.41232229631025
2011 15.987815771893466
2011 16.13329540489653
2011 15.830722361166835
2011 15.054943488337955
2011 14.044729018937161
2011 13.156654090407429
2012 12.52079407965671
2012 12.441700895272447
2012 12.8829921435848
2012 13.595142283338149
2012 14.506938094534362
2012 15.339739262041462
2012 15.900885705932126
2012 16.07519281694246
2012 15.747585208375412
2012 15.023520472011313
2012 14.073150071885152
2012 13.208893651658641
2013 12.665999853785365
2013 12.56395361711131
2013 12.949499161034709
2013 13.70224591377692
2013 14.590846840113727
2013 15.39968655255231
2013 15.961469907953344
2013 16.085423582315727
2013 15.798386701512115
2013 15.151460462140165
2013 14.194841399671589
2013 13.312728838927342
2014 12.716322124182142
2014 12.625709279738288
2014 13.036670043897644
2014 13.794288591022223
2014 14.672797188157745
2014 15.454695599300024
2014 16.032263439831112
2014 16.18803332205374
2014 15.905747352268165
2014 15.197678270101662
2014 14.210591877902644
2014 13.340993525889203
2015 12.78638943065711
2015 12.672574910205128
2015 13.123714142893235
2015 13.86414166727532
2015 14.728570072744887
2015 15.578087541684923
2015 16.12179914490683
2015 16.27779086818913
2015 15.995859895886724
2015 15.213553354791188
2015 14.276009786970747
2015 13.410599204274916
2016 12.825890680115535
2016 12.815000064530224
2016 13.218790232696236
2016 13.914447795712064
2016 14.826024688258514
2016 15.622664881872453
2016 16.168928878935176
2016 16.318909385262387
2016 15.944181538529406
2016 15.21553431841133
2016 14.23583220392544
2016 13.334515166780164
2017 12.77220827291049
2017 12.640982474917635
2017 13.037936050368089
2017 13.778760946621233
2017 14.688937925112569
2017 15.551978353770323
2017 16.093231568995606
2017 16.22923874128459
2017 15.925338122322543
2017 15.172940829764372
2017 14.236090693861925
2017 13.39976531453118
2018 12.837492796664478
2018 12.786101782947824
2018 13.203879587526586
2018 13.943219372045007
2018 14.816619610633765
2018 15.644636843368474
2018 16.209304987403925
2018 16.395146738413985
2018 16.13144951876238
2018 15.402282658575828
2018 14.45568834165897
2018 13.547871447236943
2019 12.930825758857011
2019 12.88412328048419
2019 13.362844112831425
2019 14.14536856608035
2019 15.055206815742196
2019 15.896514800946449
2019 16.434722555551616
2019 16.584152799740295
2019 16.288316559683224
2019 15.521147153672771
2019 14.546871875308895
2019 13.687299531041816
2020 13.12449462764586
2020 13.019210800703192
2020 13.439307582520769
2020 14.09329639849986
2020 14.944237168834476
2020 15.761248389423898
2020 16.246463748962782
2020 16.38670121346722
2020 16.099044498368073
2020 15.413816254837002
2020 14.521867695152508
2020 13.68138901968993
2021 13.1243750611482
2021 12.973548366256551
2021 13.344652119546197
2021 14.088265428838326
2021 14.944579891841812
2021 15.791423908788374
2021 16.32428438477001
2021 16.454731746582624
2021 16.161847511925018
2021 15.463785862393607
2021 14.560298219051305
2021 13.671181904466849
2022 13.095949943562232
2022 13.002187165209605
2022 13.442149580332682
2022 14.21538870187588
2022 15.11848764839344
2022 15.948999960845242
2022 16.454808603942993
2022 16.620298220591096
2022 16.37380128781939
2022 15.677136614181762
2022 14.800339065728053
2022 13.924635930694294
2023 13.311804056597268
2023 13.191359258323004
2023 13.52309805421713
2023 14.243011962040953
2023 15.102915358392508
2023 15.954932367616578
2023 16.533891171743804
2023 16.66321213556445
2023 16.39754824022559
2023 15.662694298269699
2023 14.68966313144827
2023 13.824652938509502
2024 13.153836383978302
2024 13.02823978920992
2024 13.449658036072009
2024 14.157270392024955
2024 15.102296099710799
2024 15.897629240268955
2024 16.405048456740175
2024 16.558555958250295
2024 16.265080006373495
2024 15.573620392872641
2024 14.647060573448442
2024 13.752990369328316
2025 13.134994739483517
2025 13.041695547049514
2025 13.445915385664208
2025 14.217532700786307
2025 15.161361517665355
2025 15.964615942058145
2025 16.536684887323403
2025 16.686312952312562
2025 16.392386771964695
2025 15.718223077691775
2025 14.74741481620535
2025 13.834111808446053
2026 13.221829520287216
2026 13.086087518941866
2026 13.481259002218636
2026 14.267072232406193
2026 15.14414568686027
2026 15.95045624513132
2026 16.555962587317282
2026 16.722834288993155
2026 16.506822552992787
2026 15.904796274974316
2026 15.01593078338432
2026 14.176932564426252
2027 13.619794641337108
2027 13.463648602680735
2027 13.80900211830199
2027 14.51882777551424
2027 15.382919745077558
2027 16.23280546661411
2027 16.829919730637513
2027 16.996640658714796
2027 16.687733687547592
2027 15.997032912336593
2027 15.026714660900339
2027 14.14393471169987
2028 13.517610551416496
2028 13.378061947835562
2028 13.738622690245933
2028 14.441228274701217
2028 15.322236667964404
2028 16.1317906912428
2028 16.69804275042148
2028 16.865283291720203
2028 16.617356923762344
2028 15.898047400817532
2028 15.01407568019026
2028 14.101627297297028
2029 13.453240336519528
2029 13.296196236936126
2029 13.595971871920781
2029 14.326100104319735
2029 15.251666666720325
2029 16.1164313694548
2029 16.692260024083012
2029 16.884774209314244
2029 16.60813293931305
2029 15.958293764911346
2029 15.077608260320076
2029 14.216515759134353
2030 13.655570956041032
2030 13.540457393655274
2030 13.901036380753666
2030 14.583962777677826
2030 15.410893512837063
2030 16.224339053209732
2030 16.809287976395538
2030 17.03262435248493
2030 16.798781183988382
2030 16.10157596764884
2030 15.169550946064092
2030 14.282358683576533
2031 13.662025823687785
2031 13.542752286420182
2031 13.894272874826655
2031 14.614093093613363
2031 15.527324113879033
2031 16.361544042223954
2031 16.916859188583828
2031 17.061014327153188
2031 16.775642292366342
2031 16.099775035854222
2031 15.201664142788559
2031 14.347381554957835
2032 13.747711587697367
2032 13.576521068194879
2032 13.89296369642102
2032 14.564536972032784
2032 15.423916194299423
2032 16.259750757308183
2032 16.901540740549706
2032 17.15788941060191
2032 16.96245889387329
2032 16.354746030635226
2032 15.475171271025431
2032 14.594936999807643
2033 13.947880283297934
2033 13.817426070356575
2033 14.169195139312578
2033 14.864404595686366
2033 15.752443873529472
2033 16.546700288092197
2033 17.080371381034922
2033 17.25465549277807
2033 17.007863659419527
2033 16.337123557162712
2033 15.419783200278431
2033 14.575877888056127
2034 13.968160045363348
2034 13.863106432083711
2034 14.23627116561677
2034 14.903647661528652
2034 15.789404635283972
2034 16.599875434096347
2034 17.175014073168967
2034 17.353714267832032
2034 17.08053888081524
2034 16.39990872671021
2034 15.467647484500873
2034 14.564670726017923
2035 13.935430678610686
2035 13.7609229968091
2035 14.115535656657016
2035 14.870396289105912
2035 15.74029177349702
2035 16.56189510716365
2035 17.154193647953946
2035 17.349413573945625
2035 17.141197294867837
2035 16.510892425019023
2035 15.62341198539228
2035 14.781446193173181
2036 14.17283701067278
2036 13.977807810505325
2036 14.28325375498018
2036 14.934211578157743
2036 15.77258490736007
2036 16.616064541334623
2036 17.184759650345555
2036 17.402573732908948
2036 17.17689323946169
2036 16.512373623970277
2036 15.602333616496438
2036 14.748413187318079
2037 14.158564213608756
2037 13.97729924751475
2037 14.313741480394256
2037 14.945734382293935
2037 15.779821886951154
2037 16.61758179983184
2037 17.174921962663078
2037 17.359977929923588
2037 17.13058790098671
2037 16.500427269491396
2037 15.658294159037652
2037 14.77946028068726
2038 14.149036956826379
2038 13.96064198972985
2038 14.283831448410908
2038 15.003903400524024
2038 15.897114175928138
2038 16.746656721459487
2038 17.325416711785536
2038 17.50436738173903
2038 17.243941476051333
2038 16.60319079895065
2038 15.651213879703661
2038 14.760171665407924
2039 14.123585570784968
2039 14.018568730146484
2039 14.401470379668297
2039 15.131612536536622
2039 16.020795603030734
2039 16.78816623462842
2039 17.382793863768455
2039 17.57107012753363
2039 17.324899464649988
2039 16.7170714240344
2039 15.818540810462594
2039 14.951957639993282
2040 14.37686397638005
2040 14.20352905785063
2040 14.52704343840088
2040 15.237081152911799
2040 16.132887656782145
2040 16.995797187452865
2040 17.64269487017522
2040 17.86289419733704
2040 17.647442502513513
2040 16.98292484868523
2040 16.021291798799083
2040 15.177737572984682
2041 14.505366180443943
2041 14.32487413421697
2041 14.68578767196044
2041 15.323019841164196
2041 16.205708753313473
2041 16.994025595442707
2041 17.555622996744745
2041 17.724430938826714
2041 17.486272764230364
2041 16.864416312388343
2041 15.987248088993027
2041 15.154205487570735
2042 14.492893592667215
2042 14.33395786703879
2042 14.634282934715074
2042 15.297775468467194
2042 16.185783261114707
2042 16.95818743981934
2042 17.478124995970774
2042 17.6854036762538
2042 17.42249778077864
2042 16.816512893305102
2042 15.991247966307057
2042 15.179520575491154
2043 14.567732788539018
2043 14.358671210923916
2043 14.688074638261
2043 15.301378503411868
2043 16.19664912454263
2043 17.079706609859088
2043 17.62779323197644
2043 17.818884416806355
2043 17.564745921057465
2043 16.886916051444445
2043 16.020998735839612
2043 15.15193570521626
2044 14.518003253279758
2044 14.374319700963866
2044 14.677394493974077
2044 15.31076409647359
2044 16.166687093400853
2044 16.949066334305385
2044 17.526975608685802
2044 17.77225860305252
2044 17.577967488030808
2044 16.99664562335073
2044 16.100657451533664
2044 15.228855065909627
2045 14.60722327343278
2045 14.414881972447262
2045 14.729795361343932
2045 15.399491984055757
2045 16.228265548670194
2045 17.046180128968302
2045 17.62952511363352
2045 17.811852553424288
2045 17.574552132864554
2045 16.908942774659877
2045 16.055369325301342
2045 15.281081250808043
2046 14.694067596583977
2046 14.587307932132234
2046 14.92253975103469
2046 15.570118763811223
2046 16.42681983857024
2046 17.20896354133872
2046 17.763914651126456
2046 17.941250078297543
2046 17.760142383202037
2046 17.1799839144889
2046 16.34923222711099
2046 15.487994603002988
2047 14.864491739351138
2047 14.679599985733304
2047 14.980542924649
2047 15.659810672098331
2047 16.510896244610734
2047 17.370685463917795
2047 17.984731625390538
2047 18.248676129498023
2047 18.037153053335103
2047 17.378457981969575
2047 16.460736581603754
2047 15.558674814305576
2048 14.930661959937709
2048 14.748753289727432
2048 15.060770870222314
2048 15.727072595025831
2048 16.586768026564243
2048 17.40190651069706
2048 17.98603590874184
2048 18.19688057606251
2048 17.96492994946668
2048 17.298894379522466
2048 16.436118239305813
2048 15.608254772511103
2049 15.012332079989946
2049 14.886435199947798
2049 15.156838166613454
2049 15.761699920048542
2049 16.563530559709335
2049 17.317190553136314
2049 17.888019135118455
2049 18.08987466972262
2049 17.894674510609676
2049 17.28405919325138
2049 16.38559432927454
2049 15.479965521158732
2050 14.851852637965834
2050 14.666293109829851
2050 15.03096832333479
2050 15.770744931987494
2050 16.62739576367082
2050 17.48113263842147
2050 18.071938274583317
2050 18.294302370402235
2050 18.08058225287587
2050 17.48577686709585
2050 16.61958272326531
2050 15.785586333065282
2051 15.22189873459655
2051 15.000508865012065
2051 15.323861233482205
2051 15.992441676850476
2051 16.837390946260214
2051 17.730738090400166
2051 18.33609628066499
2051 18.576616488594794
2051 18.35697469002801
2051 17.721840682839954
2051 16.86150474497002
2051 15.97884790662809
2052 15.428307417813699
2052 15.255148546889643
2052 15.545607575640076
2052 16.19472200190293
2052 17.00424446234797
2052 17.793879459877743
2052 18.338903474245726
2052 18.54796105166541
2052 18.287714799667043
2052 17.66314115849245
2052 16.7601416851015
2052 15.942164038435706
2053 15.329845221890594
2053 15.14502924862036
2053 15.46710617306934
2053 16.05237926663989
2053 16.890782935503736
2053 17.707986808758605
2053 18.27482451229143
2053 18.506176864856485
2053 18.2610848502445
2053 17.601311187415703
2053 16.70472092885882
2053 15.83261554379908
2054 15.242977403686382
2054 15.07906343270534
2054 15.409957885318747
2054 16.073609846818
2054 16.925967497329736
2054 17.77788534936633
2054 18.39254810784928
2054 18.643567612063606
2054 18.41178034886937
2054 17.76668663524177
2054 16.866147155683763
2054 15.9883485975419
2055 15.399268632508665
2055 15.263678911775344
2055 15.609838725861977
2055 16.271804736332527
2055 17.1523522450303
2055 17.966700129008785
2055 18.557284200148686
2055 18.813846189858324
2055 18.560463014967993
2055 17.935510159737362
2055 17.047332436292777
2055 16.124196422303385
2056 15.516380929812144
2056 15.364871748797796
2056 15.66073382198877
2056 16.37303081175088
2056 17.227469077592218
2056 18.00787153447027
2056 18.575637785136777
2056 18.75044933398837
2056 18.516711438495918
2056 17.890176159117487
2056 17.02718827051595
2056 16.198651080291384
2057 15.585807742504784
2057 15.403247029404767
2057 15.740318179384673
2057 16.410414217208526
2057 17.29089172504642
2057 18.08405752768502
2057 18.635383296401002
2057 18.80243508178765
2057 18.503793132784068
2057 17.90409107403923
2057 16.991387587483473
2057 16.15622069278389
2058 15.529345609148436
2058 15.278759756707657
2058 15.587980800628529
2058 16.230768520860266
2058 17.108198456157893
2058 17.971347542908774
2058 18.55363023152981
2058 18.73757667592014
2058 18.519968848132834
2058 17.86767865447564
2058 17.03440919130786
2058 16.22382460168015
2059 15.626522427325497
2059 15.461318033047846
2059 15.739298205592789
2059 16.411129234923166
2059 17.277181843300653
2059 18.137778212819157
2059 18.765182771069902
2059 18.984211588831542
2059 18.76532324877465
2059 18.166544856250113
2059 17.277309465565565
2059 16.430851948924996
2060 15.892218502996798
2060 15.693016796975613
2060 16.03465557705519
2060 16.64427918166639
2060 17.4735030497979
2060 18.35621498511921
2060 18.979667845595287
2060 19.24317654851623
2060 19.02034733926554
2060 18.36770189620232
2060 17.440314092823044
2060 16.5819190529364
2061 15.917061617311902
2061 15.706041987585238
2061 16.051673872355366
2061 16.739330150536844
2061 17.60981540066186
2061 18.44145546575875
2061 19.006051393723155
2061 19.15550718410465
2061 18.932539200089693
2061 18.306167835424745
2061 17.37448675876358
2061 16.564750675845175
2062 15.951194646124364
2062 15.763082952232068
2062 16.108881167909075
2062 16.727110865658858
2062 17.577791360232638
2062 18.441158834979987
2062 19.03668852935641
2062 19.278827065077436
2062 19.053937860193003
2062 18.3617726718753
2062 17.4733689175076
2062 16.627578031022296
2063 16.046561775498162
2063 15.920994391783239
2063 16.21944661868156
2063 16.863217293674694
2063 17.729246206955267
2063 18.570441125661404
2063 19.207780675191685
2063 19.473423764254733
2063 19.22962480144652
2063 18.578745681227502
2063 17.722559233599355
2063 16.833964939174336
2064 16.287792758511543
2064 16.126054782992526
2064 16.39857071810789
2064 17.04988002005517
2064 17.810606888917704
2064 18.631898524075567
2064 19.214731917714232
2064 19.451025151421888
2064 19.282224932310967
2064 18.616084709900207
2064 17.766563567725882
2064 16.931021548276874
2065 16.352304091690044
2065 16.187877780757944
2065 16.4728168812036
2065 17.08637841558226
2065 17.866482615285705
2065 18.703843566368846
2065 19.30770385518551
2065 19.515775698831646
2065 19.317210542959216
2065 18.66837371810624
2065 17.77107384100978
2065 16.948867195086436
2066 16.29047816703597
2066 16.09033295501743
2066 16.36550764919481
2066 16.972429205711535
2066 17.848621248943743
2066 18.715062625967732
2066 19.358004070892065
2066 19.618939765508202
2066 19.408001544690407
2066 18.800731765375843
2066 17.921655184403946
2066 17.103488196617036
2067 16.46461433061141
2067 16.252457754487963
2067 16.566995684203135
2067 17.18188143068481
2067 18.04772412134332
2067 18.87235678605279
2067 19.475094825742786
2067 19.67338854923709
2067 19.47292720033299
2067 18.82421380314409
2067 17.925082489007735
2067 17.071088144978916
2068 16.391632886165027
2068 16.155914664164072
2068 16.401221914164765
2068 17.018294959695766
2068 17.87631151435646
2068 18.77521151986224
2068 19.380263773652842
2068 19.626963724916294
2068 19.432845842392027
2068 18.79109865271174
2068 17.948154283329217
2068 17.10989258032282
2069 16.50737210995004
2069 16.328149207461237
2069 16.577882828332903
2069 17.197406573979592
2069 18.083766518821065
2069 18.921570889398694
2069 19.547613792102027
2069 19.800597299917897
2069 19.58822582631106
2069 18.974004110097397
2069 18.12092739214063
2069 17.324003627876266
2070 16.74598721430219
2070 16.61395794054377
2070 16.915101382494456
2070 17.51068656812636
2070 18.313559777966773
2070 19.154201790924247
2070 19.78533774627782
2070 20.026924588998256
2070 19.82574152920718
2070 19.152960998969377
2070 18.272676310776234
2070 17.463816984161753
2071 16.856539229337926
2071 16.646355971141944
2071 16.89544019806692
2071 17.476767345154613
2071 18.29634445285039
2071 19.162234064472003
2071 19.767372517429536
2071 20.017111342203748
2071 19.787117023256414
2071 19.141358342542887
2071 18.33668782313309
2071 17.523823652504873
2072 16.99447390105928
2072 16.862390210166012
2072 17.116006794363955
2072 17.737147243686266
2072 18.559211872028882
2072 19.397803264582564
2072 20.023990544408406
2072 20.25300839338574
2072 20.012870344151466
2072 19.316445845513968
2072 18.47436841776161
2072 17.708919250875326
2073 17.125534594472967
2073 17.035776098119342
2073 17.27921541939415
2073 17.82228537402125
2073 18.633951309701075
2073 19.379104873270876
2073 19.93781396474313
2073 20.132549959343635
2073 19.859079593787314
2073 19.167931719951937
2073 18.282287992911577
2073 17.441134077298017
2074 16.82977414621746
2074 16.660693465884577
2074 16.908201754635627
2074 17.496115083871345
2074 18.333948402278935
2074 19.18460986538554
2074 19.751858437584374
2074 19.9879515481295
2074 19.74866229357839
2074 19.03402232606929
2074 18.223189962842397
2074 17.361797615480555
2075 16.806900856309014
2075 16.700847247834034
2075 16.942199332762428
2075 17.581907246806608
2075 18.38439205643172
2075 19.231318362716067
2075 19.92764718362089
2075 20.21596184377985
2075 20.070018974178765
2075 19.421418039191167
2075 18.542295595271924
2075 17.70528148380967
2076 17.105952972419388
2076 17.02304153284797
2076 17.332619714297522
2076 17.986031065959537
2076 18.849112960105188
2076 19.681702818204144
2076 20.283321387067147
2076 20.53026946016537
2076 20.272783031589498
2076 19.59594002843282
2076 18.724205105626638
2076 17.845831838322624
2077 17.244978684386595
2077 17.05532217221429
2077 17.29761776213138
2077 17.930433897933852
2077 18.796041322930705
2077 19.638822289227974
2077 20.28533455170796
2077 20.505497563988754
2077 20.262287280045015
2077 19.59598631853021
2077 18.6794715305344
2077 17.897473855769135
2078 17.360590790315015
2078 17.24596370263518
2078 17.55536758712512
2078 18.089597189792073
2078 18.825157762713317
2078 19.60976089283892
2078 20.213832760325403
2078 20.489440032198473
2078 20.321594315069618
2078 19.637003840893243
2078 18.73488420046351
2078 17.949548846952894
2079 17.37841398546803
2079 17.270482947881945
2079 17.563421800412755
2079 18.116715740973234
2079 18.928211685714714
2079 19.746935506709775
2079 20.370768134469373
2079 20.621965044589004
2079 20.372152377858043
2079 19.743397298432185
2079 18.883785520693465
2079 18.076364331237087
2080 17.513061222776045
2080 17.355514571074394
2080 17.663304013262092
2080 18.22934715014955
2080 19.058607821145827
2080 19.900025065491306
2080 20.49892629423674
2080 20.76282615961128
2080 20.499118735454076
2080 19.824951905025628
2080 18.96791135366857
2080 18.143867140946895
2081 17.619928022685713
2081 17.485691979640734
2081 17.710784014337364
2081 18.30426097338305
2081 19.106429843499612
2081 19.88540357306873
2081 20.509166598242714
2081 20.754902490806742
2081 20.502836483929528
2081 19.906339873478885
2081 19.057863311789333
2081 18.31509265934723
2082 17.783758539402086
2082 17.586400550149534
2082 17.863870676413896
2082 18.374965217071917
2082 19.14256890671426
2082 19.93504877827543
2082 20.539925404694912
2082 20.7847745110644
2082 20.57868807379222
2082 19.97562377069643
2082 19.102538772287488
2082 18.293879117552052
2083 17.767576632920225
2083 17.613259894298025
2083 17.854873283487763
2083 18.425859456842915
2083 19.205551101685913
2083 20.02930540400378
2083 20.685387906979045
2083 20.946767117295195
2083 20.699299766828034
2083 20.0129163888232
2083 19.13581039976046
2083 18.34938723783604
2084 17.822096714366552
2084 17.736430677470608
2084 17.984276971912962
2084 18.58336960244698
2084 19.40944496529805
2084 20.215974622405923
2084 20.890674221861957
2084 21.13160071261889
2084 20.856944803372528
2084 20.191437351523206
2084 19.228658438162213
2084 18.393433010894825
2085 17.858874336437367
2085 17.73625524471467
2085 18.04137234256949
2085 18.630293304543585
2085 19.437611491094643
2085 20.22051904359344
2085 20.855119551543993
2085 21.110268329549072
2085 20.861239004373473
2085 20.18620404823885
2085 19.343324008055745
2085 18.51897397236229
2086 17.97694191884507
2086 17.888744559205406
2086 18.118558622202244
2086 18.657854157407257
2086 19.4579655449311
2086 20.21987952739218
2086 20.840383721192538
2086 21.11265001187762
2086 20.857122500154603
2086 20.161909511988114
2086 19.299289284474654
2086 18.49925793708809
2087 18.028051347908317
2087 17.92809702426274
2087 18.201613328636768
2087 18.77206208409565
2087 19.54869920758094
2087 20.394835718168665
2087 21.054440378648607
2087 21.323466541290458
2087 21.054201861629664
2087 20.428985266637213
2087 19.47807197663097
2087 18.637508643184574
2088 18.075229449076204
2088 17.8705336275859
2088 18.17381650543132
2088 18.78161348274162
2088 19.631206494495018
2088 20.516525590860724
2088 21.186238352517464
2088 21.481930262594787
2088 21.271594515818634
2088 20.590950546994222
2088 19.737558119889187
2088 18.956263319077138
2089 18.415693455628528
2089 18.3271847460568
2089 18.62747548755597
2089 19.193965025785246
2089 20.036606364845724
2089 20.87193663942999
2089 21.487594895299736
2089 21.70032014788687
2089 21.41912405204407
2089 20.720380073595692
2089 19.830789121912034
2089 19.038029804235748
2090 18.521994048532918
2090 18.363435618993023
2090 18.612412620126506
2090 19.17321973335244
2090 19.944229644586002
2090 20.75010459899663
2090 21.353154280063876
2090 21.605033204469507
2090 21.32277678401782
2090 20.6749952260314
2090 19.79863196883649
2090 18.93410196261196
2091 18.393281705052985
2091 18.228212135572235
2091 18.53569218184367
2091 19.16920862381292
2091 19.992475668591737
2091 20.802204570895995
2091 21.382582213820854
2091 21.59136768848495
2091 21.357615515927648
2091 20.6686583283974
2091 19.758605889230665
2091 18.941182032947225
2092 18.329437971008787
2092 18.23398603787855
2092 18.55856364363821
2092 19.156862480510185
2092 20.03625674258194
2092 20.870375464176703
2092 21.490509424993476
2092 21.769746044857627
2092 21.479492949207653
2092 20.808493302729616
2092 19.93594214215173
2092 19.14440871650673
2093 18.588037774157115
2093 18.42444516162547
2093 18.665083675342473
2093 19.191481322670924
2093 20.00653228531648
2093 20.862414434071866
2093 21.526423932866848
2093 21.789852854978008
2093 21.55483329348955
2093 20.852661629049052
2093 19.872758122808364
2093 19.018945978337186
2094 18.413407409492265
2094 18.28003017587882
2094 18.621867147451766
2094 19.243406204451844
2094 20.141377907548772
2094 21.000456037227522
2094 21.661649823226625
2094 21.96116225473297
2094 21.77666012952035
2094 21.14322450692127
2094 20.224863881512277
2094 19.442914433863365
2095 18.929782400524516
2095 18.76597788060684
2095 19.07717401350088
2095 19.64518047199597
2095 20.38786859799923
2095 21.239503042403328
2095 21.88714264168695
2095 22.099306500101804
2095 21.857013361101735
2095 21.167015017864813
2095 20.27360732941999
2095 19.492207707321725
2096 18.942313610910062
2096 18.819359815764784
2096 19.0761686188752
2096 19.646732569176564
2096 20.464544779527486
2096 21.296964654421515
2096 21.983312476980373
2096 22.239271519814466
2096 22.003308298912984
2096 21.325983868149265
2096 20.410577910562353
2096 19.57967008836681
2097 19.007138251545683
2097 18.845174897825288
2097 19.06609337199272
2097 19.63017362161345
2097 20.405368787413636
2097 21.267511931744863
2097 21.935990809197037
2097 22.2198995293642
2097 22.02261891882769
2097 21.33763294215852
2097 20.462570699308955
2097 19.724683204194037
2098 19.258396294135878
2098 19.20321211163585
2098 19.491359372579396
2098 19.989748003274755
2098 20.72490352860659
2098 21.492925147951325
2098 22.10108801834903
2098 22.321027502369333
2098 22.01594416378073
2098 21.28457496706777
2098 20.367773722576217
2098 19.56331501243605
2099 19.007145525949
2099 18.904704780436333
2099 19.153673611250298
2099 19.68269774196085
2099 20.479047860349098
2099 21.25748267316544
2099 21.895439762344708
2099 22.182858540025876
2099 21.94870654759184
2099 21.280846294920238
2099 20.403664663213718
2099 19.62563678324348
2100 19.11432589627185
2100 18.995389679715387
2100 19.242131508778698
2100 19.758884960213678
2100 20.585055494297592
2100 21.405695929191907
2100 22.084326267587485
2100 22.39743252378844
2100 22.126306834407643
2100 21.468637885734253
2100 20.573101260617648
