# contact :: CMIP6 IPSL-CM6A-LR rx30day maximum-OND over EA domain - East Africa floods 2023, m.zachariah@imperial.ac.uk 
# rx30day [mm] Oct/Nov/Dec 30-day max of accumulated precipitation over East Africa at rx30day-ond_HoA_IPSL-CM6A-LR
# year rx30dOND
1850 224.32212829589844
1851 264.3385314941406
1852 240.20066833496094
1853 179.5377960205078
1854 152.04092407226562
1855 187.94728088378906
1856 217.29811096191406
1857 198.30239868164062
1858 284.3473815917969
1859 214.27716064453125
1860 228.9298858642578
1861 244.4422607421875
1862 230.80337524414062
1863 277.61431884765625
1864 292.2528991699219
1865 291.6287536621094
1866 187.65936279296875
1867 265.9995422363281
1868 164.58590698242188
1869 279.67840576171875
1870 248.5118865966797
1871 181.82159423828125
1872 208.48028564453125
1873 156.9361572265625
1874 241.07501220703125
1875 238.74575805664062
1876 310.9412536621094
1877 306.6955261230469
1878 209.69586181640625
1879 177.3609619140625
1880 195.51284790039062
1881 311.20806884765625
1882 163.32275390625
1883 254.93577575683594
1884 263.0433654785156
1885 264.5926818847656
1886 283.21844482421875
1887 253.63328552246094
1888 205.53526306152344
1889 224.10122680664062
1890 223.71852111816406
1891 192.4112548828125
1892 237.99407958984375
1893 247.56661987304688
1894 203.2036895751953
1895 269.7255859375
1896 284.44024658203125
1897 270.9730529785156
1898 177.44921875
1899 260.9078674316406
1900 155.61378479003906
1901 250.7248077392578
1902 179.59030151367188
1903 252.93846130371094
1904 198.01113891601562
1905 251.9273223876953
1906 184.11318969726562
1907 189.2818603515625
1908 257.86016845703125
1909 241.87673950195312
1910 210.30909729003906
1911 235.19850158691406
1912 209.59042358398438
1913 228.8369903564453
1914 247.50146484375
1915 192.2734832763672
1916 248.33729553222656
1917 205.8742218017578
1918 218.68386840820312
1919 154.72010803222656
1920 234.71871948242188
1921 230.64842224121094
1922 157.03700256347656
1923 215.4125213623047
1924 273.8725280761719
1925 226.58572387695312
1926 261.22344970703125
1927 216.46861267089844
1928 229.16500854492188
1929 295.47857666015625
1930 295.10186767578125
1931 174.5233612060547
1932 183.10630798339844
1933 268.7084655761719
1934 253.33901977539062
1935 161.56463623046875
1936 193.91012573242188
1937 220.3872833251953
1938 173.5152587890625
1939 226.77047729492188
1940 309.0906677246094
1941 257.1606750488281
1942 355.9139404296875
1943 219.96682739257812
1944 203.58595275878906
1945 282.95941162109375
1946 286.2548828125
1947 207.83425903320312
1948 331.4540710449219
1949 250.26844787597656
1950 198.77325439453125
1951 266.0008850097656
1952 261.0167236328125
1953 153.12535095214844
1954 271.11468505859375
1955 233.3338165283203
1956 284.1373291015625
1957 278.795654296875
1958 255.47508239746094
1959 256.286865234375
1960 257.2960205078125
1961 140.96372985839844
1962 206.86436462402344
1963 191.4541015625
1964 255.54302978515625
1965 183.525634765625
1966 209.04734802246094
1967 192.0040740966797
1968 340.0443115234375
1969 255.24111938476562
1970 230.99867248535156
1971 205.077880859375
1972 272.5173645019531
1973 266.810302734375
1974 212.43174743652344
1975 224.1865234375
1976 226.4542694091797
1977 229.37301635742188
1978 216.77273559570312
1979 188.80104064941406
1980 327.5916748046875
1981 286.6278991699219
1982 253.9263916015625
1983 232.380615234375
1984 217.2628936767578
1985 186.26242065429688
1986 171.63795471191406
1987 185.80030822753906
1988 196.9749755859375
1989 313.40277099609375
1990 164.88401794433594
1991 197.69729614257812
1992 191.49867248535156
1993 214.51028442382812
1994 324.4226379394531
1995 280.1277770996094
1996 288.19580078125
1997 281.8332824707031
1998 202.88113403320312
1999 194.15663146972656
2000 277.85540771484375
2001 245.58033752441406
2002 266.0462951660156
2003 282.02850341796875
2004 282.4713134765625
2005 288.55438232421875
2006 373.5079040527344
2007 286.636962890625
2008 219.2827911376953
2009 342.7239990234375
2010 170.91334533691406
2011 234.38247680664062
2012 177.93275451660156
2013 166.14378356933594
2014 254.88185119628906
2015 196.680908203125
2016 343.4505920410156
2017 353.6436767578125
2018 286.4338073730469
2019 137.2139129638672
2020 192.5643768310547
2021 262.84747314453125
2022 167.5004119873047
2023 237.40965270996094
2024 295.4649963378906
2025 242.5762939453125
2026 168.49459838867188
2027 268.2641906738281
2028 276.7624206542969
2029 229.25396728515625
2030 353.0548095703125
2031 311.3917541503906
2032 277.5154724121094
2033 264.9485778808594
2034 233.0128173828125
2035 210.8717498779297
2036 247.61141967773438
2037 189.40277099609375
2038 312.6617126464844
2039 274.8120422363281
2040 300.4280090332031
2041 192.52877807617188
2042 341.2845458984375
2043 272.6974792480469
2044 435.0095520019531
2045 272.34490966796875
2046 310.9363098144531
2047 246.8731231689453
2048 293.9190368652344
2049 299.905517578125
2050 230.51303100585938
2051 279.6541748046875
2052 237.25303649902344
2053 343.4533996582031
2054 227.41383361816406
2055 369.86114501953125
2056 336.0054626464844
2057 322.8244934082031
2058 249.64627075195312
2059 235.60232543945312
2060 272.6434631347656
2061 294.3341064453125
2062 272.4048767089844
2063 302.2923889160156
2064 282.1894226074219
2065 325.88031005859375
2066 371.4671325683594
2067 222.55905151367188
2068 221.5724639892578
2069 280.96148681640625
2070 261.2969665527344
2071 351.31439208984375
2072 282.8531188964844
2073 306.3061218261719
2074 436.16485595703125
2075 446.9063415527344
2076 274.8395080566406
2077 429.76177978515625
2078 502.6200256347656
2079 226.4188690185547
2080 499.7215576171875
2081 401.59765625
2082 335.26123046875
2083 369.417724609375
2084 390.8109130859375
2085 419.1726989746094
2086 373.4463195800781
2087 501.6455383300781
2088 307.6855773925781
2089 397.7706298828125
2090 436.0001220703125
2091 353.1424865722656
2092 294.3271789550781
2093 380.0716857910156
2094 402.87725830078125
2095 374.1960144042969
2096 377.48828125
2097 295.68212890625
2098 306.2755126953125
2099 531.209228515625
2100 285.9835205078125
