# contact :: CMIP6 GFDL-ESM4 rx30day maximum-OND over EA domain - East Africa floods 2023, m.zachariah@imperial.ac.uk 
# rx30day [mm] Oct/Nov/Dec 30-day max of accumulated precipitation over East Africa at rx30day-ond_HoA_GFDL-ESM4
# year rx30dOND
1850 291.4580993652344
1851 176.10702514648438
1852 276.9254150390625
1853 240.47775268554688
1854 188.1179962158203
1855 261.4559326171875
1856 242.5132293701172
1857 165.6279754638672
1858 186.11041259765625
1859 120.1531753540039
1860 126.19623565673828
1861 145.4095458984375
1862 223.78765869140625
1863 117.45003509521484
1864 313.2367858886719
1865 224.25645446777344
1866 317.73651123046875
1867 192.6383819580078
1868 137.008056640625
1869 168.37466430664062
1870 157.66111755371094
1871 224.06491088867188
1872 262.0135192871094
1873 157.00196838378906
1874 263.62493896484375
1875 130.1221160888672
1876 169.86256408691406
1877 169.27244567871094
1878 239.72767639160156
1879 172.8772735595703
1880 238.87876892089844
1881 201.30581665039062
1882 162.40065002441406
1883 183.23727416992188
1884 152.3426055908203
1885 210.3433380126953
1886 215.68385314941406
1887 178.05044555664062
1888 249.8480682373047
1889 170.33871459960938
1890 115.4178237915039
1891 111.55574035644531
1892 170.81430053710938
1893 154.4930419921875
1894 187.96524047851562
1895 155.5143585205078
1896 214.4273681640625
1897 174.0560760498047
1898 130.56961059570312
1899 227.26980590820312
1900 162.0703125
1901 82.74929809570312
1902 129.38275146484375
1903 210.62091064453125
1904 285.075439453125
1905 101.99716186523438
1906 161.39016723632812
1907 183.0892791748047
1908 155.4098358154297
1909 195.14425659179688
1910 227.7205352783203
1911 213.90321350097656
1912 164.4630126953125
1913 162.50909423828125
1914 252.22897338867188
1915 185.50942993164062
1916 126.43258666992188
1917 44.16054916381836
1918 156.9490966796875
1919 255.48570251464844
1920 93.39079284667969
1921 53.02070999145508
1922 292.8559265136719
1923 293.8043518066406
1924 194.9901580810547
1925 117.04167938232422
1926 177.18006896972656
1927 164.51290893554688
1928 174.19313049316406
1929 148.92520141601562
1930 222.64028930664062
1931 241.0686492919922
1932 213.78260803222656
1933 150.55636596679688
1934 159.92996215820312
1935 242.35191345214844
1936 208.95249938964844
1937 155.41970825195312
1938 94.437744140625
1939 285.5001525878906
1940 116.51837921142578
1941 289.3692932128906
1942 235.14547729492188
1943 169.21348571777344
1944 184.40040588378906
1945 118.85975646972656
1946 207.9623565673828
1947 166.06678771972656
1948 191.0806884765625
1949 261.38922119140625
1950 144.8711395263672
1951 112.58912658691406
1952 198.94638061523438
1953 148.70619201660156
1954 341.4998474121094
1955 185.40512084960938
1956 142.89071655273438
1957 152.1966552734375
1958 139.940185546875
1959 229.82215881347656
1960 207.62213134765625
1961 210.7735137939453
1962 253.4095458984375
1963 109.39749145507812
1964 202.3748016357422
1965 212.11273193359375
1966 197.64431762695312
1967 220.94386291503906
1968 201.95445251464844
1969 285.75518798828125
1970 199.73324584960938
1971 210.73556518554688
1972 169.5641326904297
1973 198.03074645996094
1974 134.23397827148438
1975 136.0369873046875
1976 160.6963653564453
1977 296.28997802734375
1978 243.6642608642578
1979 142.63929748535156
1980 88.56451416015625
1981 333.6194152832031
1982 161.59764099121094
1983 211.33663940429688
1984 151.50738525390625
1985 236.3994598388672
1986 230.10919189453125
1987 193.944091796875
1988 141.43836975097656
1989 287.6188659667969
1990 195.45252990722656
1991 179.24813842773438
1992 184.59835815429688
1993 184.16357421875
1994 143.34100341796875
1995 339.45367431640625
1996 259.9039001464844
1997 215.91839599609375
1998 219.8020782470703
1999 225.23397827148438
2000 184.01193237304688
2001 278.9642333984375
2002 144.985595703125
2003 279.2558898925781
2004 186.09619140625
2005 144.9493865966797
2006 151.57443237304688
2007 158.26072692871094
2008 210.37118530273438
2009 255.8868408203125
2010 179.84616088867188
2011 219.33949279785156
2012 378.3455505371094
2013 125.68036651611328
2014 177.9800262451172
2015 142.60499572753906
2016 217.52618408203125
2017 196.44956970214844
2018 221.00067138671875
2019 164.18637084960938
2020 162.7642822265625
2021 240.55160522460938
2022 164.942138671875
2023 214.89756774902344
2024 310.813232421875
2025 284.9894714355469
2026 99.71156311035156
2027 143.9189453125
2028 265.9257507324219
2029 162.9651641845703
2030 95.29561614990234
2031 216.191650390625
2032 224.96556091308594
2033 87.10325622558594
2034 271.24481201171875
2035 49.55426025390625
2036 166.11593627929688
2037 196.36415100097656
2038 200.64822387695312
2039 210.8377685546875
2040 207.97540283203125
2041 210.3446807861328
2042 177.208251953125
2043 254.5823516845703
2044 265.6026306152344
2045 132.66522216796875
2046 134.82720947265625
2047 293.0478515625
2048 312.9955139160156
2049 166.89076232910156
2050 153.4589385986328
2051 266.4822692871094
2052 96.58158874511719
2053 170.59512329101562
2054 381.5531921386719
2055 114.67810821533203
2056 163.0761260986328
2057 193.47764587402344
2058 143.40206909179688
2059 100.73908996582031
2060 201.08551025390625
2061 187.08729553222656
2062 191.02383422851562
2063 301.4715576171875
2064 264.67974853515625
2065 133.073974609375
2066 68.72724151611328
2067 168.1353759765625
2068 255.42681884765625
2069 202.0103759765625
2070 241.2047882080078
2071 195.0529022216797
2072 235.4396209716797
2073 148.36790466308594
2074 257.4971923828125
2075 208.99050903320312
2076 171.1987762451172
2077 155.9387969970703
2078 310.50653076171875
2079 92.65064239501953
2080 279.1761474609375
2081 174.33184814453125
2082 112.57270812988281
2083 198.04393005371094
2084 183.74131774902344
2085 214.58529663085938
2086 309.4241638183594
2087 159.5065155029297
2088 304.77197265625
2089 152.84774780273438
2090 167.06251525878906
2091 234.75942993164062
2092 125.84229278564453
2093 107.84629821777344
2094 181.8544921875
2095 327.7417907714844
2096 111.43509674072266
2097 170.2581787109375
2098 219.76852416992188
2099 81.17707824707031
2100 344.5541687011719
