# contact :: CMIP6 FGOALS-g3 rx3day maximum-OND over EA domain - East Africa floods 2023, m.zachariah@imperial.ac.uk 
# rx3day [mm] Oct/Nov/Dec 3-day max of accumulated precipitation over East Africa at rx3day-ond_HoA_FGOALS-g3
# year rx3dOND
1850 30.30320167541504
1851 22.3402042388916
1852 39.757755279541016
1853 37.15705108642578
1854 30.777812957763672
1855 32.248653411865234
1856 35.04815673828125
1857 23.232479095458984
1858 23.314952850341797
1859 30.27177619934082
1860 23.605710983276367
1861 13.905248641967773
1862 22.99374008178711
1863 18.770435333251953
1864 19.73800277709961
1865 26.25040054321289
1866 18.37639808654785
1867 32.336029052734375
1868 20.52838134765625
1869 23.987613677978516
1870 32.13051986694336
1871 15.834959030151367
1872 36.03370666503906
1873 31.20147132873535
1874 15.070892333984375
1875 40.266761779785156
1876 29.96311378479004
1877 23.545860290527344
1878 15.378310203552246
1879 55.87285232543945
1880 31.493701934814453
1881 13.491110801696777
1882 18.00859832763672
1883 60.19251251220703
1884 48.56795883178711
1885 24.81167984008789
1886 38.30076599121094
1887 14.615589141845703
1888 26.457008361816406
1889 28.442367553710938
1890 32.503509521484375
1891 42.23044967651367
1892 17.159208297729492
1893 25.1744441986084
1894 50.5670280456543
1895 35.277687072753906
1896 15.986282348632812
1897 24.726491928100586
1898 18.555509567260742
1899 22.998905181884766
1900 20.411928176879883
1901 23.345073699951172
1902 38.056617736816406
1903 32.12055206298828
1904 30.02757453918457
1905 21.44530487060547
1906 16.225627899169922
1907 32.37653732299805
1908 27.0274600982666
1909 18.010866165161133
1910 39.081336975097656
1911 19.963481903076172
1912 31.023906707763672
1913 25.490581512451172
1914 17.795469284057617
1915 31.872730255126953
1916 30.023374557495117
1917 20.582805633544922
1918 41.017906188964844
1919 29.975940704345703
1920 16.17403221130371
1921 34.3782958984375
1922 39.91841125488281
1923 18.29206085205078
1924 38.787681579589844
1925 30.056432723999023
1926 20.549245834350586
1927 32.61534881591797
1928 34.00666427612305
1929 39.04033660888672
1930 31.104583740234375
1931 41.57537078857422
1932 49.92897033691406
1933 23.278995513916016
1934 28.73259162902832
1935 21.49895477294922
1936 33.41314697265625
1937 12.516619682312012
1938 24.241825103759766
1939 35.32432174682617
1940 15.811667442321777
1941 41.048519134521484
1942 27.766408920288086
1943 30.484098434448242
1944 25.147321701049805
1945 19.39425277709961
1946 19.601192474365234
1947 61.81167984008789
1948 38.76909637451172
1949 35.48188018798828
1950 32.63580322265625
1951 35.48746109008789
1952 21.3222713470459
1953 16.061904907226562
1954 26.972759246826172
1955 15.353731155395508
1956 48.34469985961914
1957 20.62197494506836
1958 30.034435272216797
1959 18.247434616088867
1960 36.97437286376953
1961 20.88624382019043
1962 33.13407897949219
1963 23.143430709838867
1964 31.38125228881836
1965 46.20829391479492
1966 18.776742935180664
1967 19.18160057067871
1968 31.4833984375
1969 21.75702667236328
1970 21.41111946105957
1971 31.10466194152832
1972 25.43604278564453
1973 47.70307922363281
1974 23.502378463745117
1975 10.22264289855957
1976 22.732248306274414
1977 46.247703552246094
1978 26.232681274414062
1979 30.84514045715332
1980 24.74519920349121
1981 19.953937530517578
1982 24.834136962890625
1983 55.75518798828125
1984 52.53130340576172
1985 25.202709197998047
1986 15.185331344604492
1987 58.733524322509766
1988 19.35300636291504
1989 16.090852737426758
1990 19.88163185119629
1991 44.32215881347656
1992 34.50529861450195
1993 76.92361450195312
1994 40.39794158935547
1995 30.927059173583984
1996 44.54247283935547
1997 31.025482177734375
1998 31.199798583984375
1999 41.225181579589844
2000 28.791584014892578
2001 20.012866973876953
2002 42.25226593017578
2003 48.069305419921875
2004 37.123836517333984
2005 25.675981521606445
2006 40.65608596801758
2007 32.407962799072266
2008 29.355514526367188
2009 50.389583587646484
2010 22.354778289794922
2011 64.4008560180664
2012 21.380970001220703
2013 37.49604034423828
2014 37.297279357910156
2015 29.310876846313477
2016 77.19094848632812
2017 32.32699203491211
2018 21.180278778076172
2019 45.333984375
2020 14.303016662597656
2021 22.938440322875977
2022 38.03208923339844
2023 34.2049560546875
2024 38.639801025390625
2025 64.39472961425781
2026 18.204851150512695
2027 23.435768127441406
2028 74.86834716796875
2029 28.304065704345703
2030 14.04163932800293
2031 59.67296600341797
2032 54.08331298828125
2033 29.517276763916016
2034 22.382713317871094
2035 25.414405822753906
2036 20.693134307861328
2037 67.22955322265625
2038 27.549428939819336
2039 41.203819274902344
2040 42.626773834228516
2041 32.38568878173828
2042 15.059555053710938
2043 25.788536071777344
2044 36.87093734741211
2045 56.13173294067383
2046 25.153831481933594
2047 49.73686981201172
2048 27.335281372070312
2049 46.34019470214844
2050 41.65216827392578
2051 25.29827117919922
2052 26.287893295288086
2053 48.8220329284668
2054 47.73086166381836
2055 45.8529052734375
2056 42.85440444946289
2057 20.052181243896484
2058 48.41024398803711
2059 39.78791427612305
2060 77.62444305419922
2061 48.60727310180664
2062 43.83094787597656
2063 40.2934455871582
2064 31.476722717285156
2065 32.82490539550781
2066 51.51755142211914
2067 58.884151458740234
2068 34.73322677612305
2069 46.37654113769531
2070 39.890586853027344
2071 49.80427169799805
2072 51.86358642578125
2073 46.70667266845703
2074 67.27622985839844
2075 26.24148941040039
2076 49.00939178466797
2077 78.9654769897461
2078 23.538650512695312
2079 73.155517578125
2080 14.140864372253418
2081 64.93071746826172
2082 43.00145721435547
2083 65.61937713623047
2084 57.5842399597168
2085 43.88182067871094
2086 112.77930450439453
2087 42.86964416503906
2088 87.54789733886719
2089 27.248945236206055
2090 65.5348892211914
2091 19.326805114746094
2092 63.495147705078125
2093 65.61492156982422
2094 35.44245910644531
2095 69.73873138427734
2096 49.7000732421875
2097 45.12141036987305
2098 40.695396423339844
2099 57.67841339111328
2100 51.43576431274414
