# contact :: CMIP5 IOD-SON MPI-ESM-LR_r1i1p1 - SE Asia floods, 2025, c.barnes22@imperial.ac.uk 
# iod [degC] September-November mean of IOD (difference between mean SSTs over 49E,71E,11S,11N and 89E,111E,11S,1N) at SEA-floods_iod-son_MPI-ESM-LR_r1i1p1.dat
# year iod
1850 -0.9762776494026184
1851 -1.2052510976791382
1852 -1.0427755117416382
1853 0.9023030400276184
1854 -0.412078857421875
1855 -0.2640889585018158
1856 -0.9560648798942566
1857 -1.2220052480697632
1858 0.0046488442458212376
1859 -0.4368794858455658
1860 -0.2365926057100296
1861 -1.38287353515625
1862 -0.9271240234375
1863 -0.5528971552848816
1864 -0.4042154848575592
1865 -1.1849569082260132
1866 -0.39678955078125
1867 -0.1371358186006546
1868 -0.5762736201286316
1869 -1.7867838144302368
1870 -1.5021566152572632
1871 -1.013671875
1872 -1.1110941171646118
1873 -0.9308064579963684
1874 0.1270345002412796
1875 0.2327372282743454
1876 -0.3455912172794342
1877 -1.37762451171875
1878 -1.0443624258041382
1879 -0.5750834345817566
1880 -0.3397216796875
1881 -0.939727783203125
1882 -1.2535400390625
1883 -1.4798990488052368
1884 -0.8719279170036316
1885 -1.1824442148208618
1886 -1.4215494394302368
1887 -0.6533406376838684
1888 0.4608663022518158
1889 -0.4298502504825592
1890 -1.1933695077896118
1891 -0.942718505859375
1892 -0.9492594599723816
1893 -0.6032511591911316
1894 -0.8025410771369934
1895 -0.7123005986213684
1896 -0.02123006246984005
1897 -0.7687174677848816
1898 -0.8021443486213684
1899 -1.5214029550552368
1900 -0.8260701298713684
1901 -1.387176513671875
1902 -1.0610250234603882
1903 -0.2194112092256546
1904 -1.2664998769760132
1905 -0.9642232060432434
1906 -0.3562825620174408
1907 -1.53863525390625
1908 -1.075042724609375
1909 -0.6634724736213684
1910 -0.779754638671875
1911 -1.1431884765625
1912 -0.1178080216050148
1913 -0.011850993148982525
1914 -0.168609619140625
1915 -0.6370747685432434
1916 -0.3468729555606842
1917 -0.7673543095588684
1918 -1.3446859121322632
1919 -0.72882080078125
1920 -1.1505228281021118
1921 -1.351806640625
1922 -1.212554931640625
1923 -1.2479959726333618
1924 -0.8308207392692566
1925 0.3802388608455658
1926 -1.2596639394760132
1927 -1.26806640625
1928 -0.1488240510225296
1929 -1.5176492929458618
1930 -0.343963623046875
1931 -1.2206522226333618
1932 -0.18035888671875
1933 -0.9074503779411316
1934 -0.4572347104549408
1935 0.0721028670668602
1936 -0.4367167055606842
1937 -1.1135762929916382
1938 -1.703033447265625
1939 -0.6839497685432434
1940 -1.167236328125
1941 -0.3676249086856842
1942 -0.5127360224723816
1943 -1.215972900390625
1944 -0.7657979130744934
1945 -0.8415730595588684
1946 -1.16912841796875
1947 -0.528289794921875
1948 -1.3565267324447632
1949 -0.8329365849494934
1950 -0.8292439579963684
1951 -1.6170450448989868
1952 -0.5312601923942566
1953 -0.530487060546875
1954 -0.7947285771369934
1955 -0.5747477412223816
1956 -0.8123779296875
1957 -0.8230082392692566
1958 -0.7288309931755066
1959 -1.7617696523666382
1960 -1.6936746835708618
1961 -0.97564697265625
1962 -0.02094523049890995
1963 1.443084716796875
1964 -0.795623779296875
1965 -1.3039449453353882
1966 -1.3255513906478882
1967 -1.2507528066635132
1968 -0.7427470088005066
1969 -1.4089864492416382
1970 -0.9052327275276184
1971 -1.2621866464614868
1972 -0.684234619140625
1973 0.1743367463350296
1974 -0.9096476435661316
1975 -1.3952127695083618
1976 1.714691162109375
1977 -0.7390848994255066
1978 -0.9497578740119934
1979 -0.9400532841682434
1980 -0.3519795835018158
1981 -0.9780171513557434
1982 -0.9772135615348816
1983 -0.5892333984375
1984 -0.931243896484375
1985 -1.0929769277572632
1986 -0.681243896484375
1987 -0.026519775390625
1988 -0.797637939453125
1989 -0.3783162534236908
1990 1.6398416757583618
1991 -0.73602294921875
1992 -1.5289510488510132
1993 -1.7247110605239868
1994 -0.700714111328125
1995 -1.1883951425552368
1996 -1.0848388671875
1997 -0.4772847592830658
1998 1.829193115234375
1999 -0.5473225712776184
2000 -0.898712158203125
2001 -0.3038228452205658
2002 -0.7996622920036316
2003 -0.75250244140625
2004 -0.7456766963005066
2005 -0.9911906123161316
2006 -0.7627156376838684
2007 -0.912994384765625
2008 0.9967753291130066
2009 -0.1492207795381546
2010 -0.911651611328125
2011 -0.466278076171875
2012 0.3036600649356842
2013 0.695220947265625
2014 0.5945637822151184
2015 1.5571695566177368
2016 1.7118021249771118
2017 -1.0383199453353882
2018 -0.89239501953125
2019 -1.0840250253677368
2020 0.2369486540555954
2021 0.4241739809513092
2022 -0.1665446013212204
2023 -1.278411865234375
2024 -1.0595499277114868
2025 -0.451690673828125
2026 1.250946044921875
2027 -0.594970703125
2028 -0.8137614130973816
2029 -0.81146240234375
2030 -0.536590576171875
2031 -1.678863525390625
2032 -0.7294718623161316
2033 0.9384358525276184
2034 1.6788431406021118
2035 -0.9912617802619934
2036 -1.6793314218521118
2037 -0.3593648374080658
2038 0.4452921450138092
2039 -0.6726786494255066
2040 -1.103363037109375
2041 -0.9130147099494934
2042 -0.4488016664981842
2043 1.1751810312271118
2044 -1.3838094472885132
2045 -1.1248575448989868
2046 -0.993896484375
2047 -0.0460713692009449
2048 -1.2467447519302368
2049 -1.3479715585708618
2050 -0.5488077998161316
2051 0.286468505859375
2052 0.1670735627412796
2053 1.4856160879135132
2054 1.7260946035385132
2055 0.4339090883731842
2056 -1.3626810312271118
2057 -0.5980224609375
2058 -0.2768453061580658
2059 -0.1290791779756546
2060 -0.4642740786075592
2061 -0.0496724434196949
2062 0.6548258662223816
2063 0.6783345341682434
2064 -0.8521016240119934
2065 -0.3918050229549408
2066 -0.487640380859375
2067 -1.26885986328125
2068 0.8708903193473816
2069 1.16949462890625
2070 -1.2750955820083618
