# contact :: CMIP6 E3SM-1-1_r1i1p1f1 maximum monthly potential intensity in the Caribbean - Hurricane Melissa, c.barnes22@imperial.ac.uk 
# vmax [m/s] Annual maximum of monthly potential intensity averaged over 80-60W, 12-18N at hurricane-melissa_pi_cmip6_E3SM-1-1_r1i1p1f1.dat
# year vmax
1850 90.07451900222921
1851 93.66870880584484
1852 100.46716182254313
1853 89.71780402665209
1854 92.27855149534021
1855 88.12726262633682
1856 100.41579287000962
1857 93.72806523097654
1858 97.9367636763879
1859 96.76035557089882
1860 97.04126051695299
1861 94.41498148606827
1862 95.17791847913847
1863 86.94145359965987
1864 93.14151709559145
1865 96.68489008744898
1866 102.43758202454691
1867 98.58316972830089
1868 97.01271070227698
1869 97.16636750615832
1870 97.9529502116704
1871 87.15350819930855
1872 89.68786358742842
1873 88.32738495242297
1874 93.1284708349659
1875 94.32478515394648
1876 92.08848439587885
1877 87.89230905865325
1878 88.15680136273261
1879 96.67673328533053
1880 87.88994564681092
1881 91.48125831627247
1882 96.83647107882246
1883 101.439083427307
1884 93.05645723379297
1885 93.91711696119663
1886 96.45898542686898
1887 94.20695094094309
1888 92.25162891398654
1889 89.53112143924112
1890 93.66325555756276
1891 94.10312373104627
1892 96.85183400568016
1893 91.01473838545657
1894 95.878228752894
1895 98.89894152075405
1896 94.16695084136819
1897 99.19947715031766
1898 95.45956668445396
1899 92.33210343844122
1900 91.0639461990981
1901 92.8767526243941
1902 87.8507626115715
1903 92.23178674803802
1904 91.33174087356082
1905 90.53656495495626
1906 94.57281423616449
1907 95.29389448099232
1908 97.16194237888334
1909 86.34103234189715
1910 93.54786155967979
1911 96.93799108941998
1912 88.74772955997516
1913 88.8472844005297
1914 92.19570245475437
1915 88.43720858288154
1916 93.40733333146787
1917 83.96807756872077
1918 83.64829933057317
1919 88.14566401393476
1920 92.86326270839207
1921 90.36635728128161
1922 88.15240028857883
1923 80.43944136144663
1924 86.88711891335606
1925 94.63123723447697
1926 93.7175782637279
1927 91.60878466199891
1928 91.78134644059195
1929 88.17950212118524
1930 91.42179282744094
1931 92.24343639060706
1932 91.4114832293552
1933 87.01646339538446
1934 95.74426632656383
1935 89.26799191186534
1936 96.537777253662
1937 92.93779822943804
1938 92.12159116410984
1939 97.3140249663709
1940 98.96962121462485
1941 88.14569876753085
1942 94.65375456882448
1943 93.05644590089858
1944 93.69525203851137
1945 89.89903530879306
1946 88.09953315976666
1947 86.47206746253903
1948 86.86627061416934
1949 88.72400063589734
1950 93.6019002328836
1951 88.3508155111114
1952 94.17032597295487
1953 88.94234444259449
1954 93.26565717684166
1955 91.47783445155261
1956 84.69760081077698
1957 93.35379383207292
1958 96.66189724411468
1959 93.1799631240236
1960 88.04957509995528
1961 81.54278667864675
1962 94.53326018800533
1963 87.2213572985528
1964 87.74638079139248
1965 86.02314617598677
1966 83.92184591241563
1967 87.75589569432256
1968 89.46580548338804
1969 86.86069605277312
1970 82.59791403883955
1971 86.87938126277713
1972 93.65834294918203
1973 97.64785559369601
1974 87.27667127959369
1975 86.28066018675194
1976 85.01028732649628
1977 90.17473841860917
1978 90.7472728274364
1979 94.4785134390115
1980 93.5006854864302
1981 89.41702751055743
1982 95.38577035495993
1983 93.71841615522061
1984 85.8271834770632
1985 95.22950642493284
1986 82.19674737207083
1987 81.79235357159226
1988 91.92691208031285
1989 87.11361959489143
1990 93.88765087146187
1991 86.4236598692865
1992 93.50228298946925
1993 85.68023455327912
1994 89.50647834945406
1995 96.03497172982716
1996 92.24001202138439
1997 79.1815338425937
1998 92.54247005065021
1999 88.61175147672421
2000 102.5883824641806
2001 96.86750537203744
2002 91.03279863481208
2003 87.47364902902183
2004 95.85977450501457
2005 88.44502278006998
2006 91.04055390341078
2007 85.81776849313445
2008 99.7667257995471
2009 93.01890535963256
2010 95.62298283371476
2011 92.49593582012758
2012 90.42589926738447
2013 89.00515774528232
2014 90.92170541187639
2015 96.46074691679482
2016 92.41268856844424
2017 95.95244778019887
2018 99.9897695655549
2019 93.66333420846625
2020 94.26656529203328
2021 97.8919503446847
2022 94.5944137821725
2023 94.67677207578693
2024 100.29883426278924
2025 97.68003314524285
2026 95.34642044884313
2027 91.1417783966388
2028 93.7459104206015
2029 102.75972598439566
2030 96.74125534365785
2031 97.35928161611349
2032 93.095570732733
2033 98.15233327143977
2034 98.25075687777313
2035 100.19253797249557
2036 103.19575412480089
2037 96.54303443177761
2038 101.79137335865977
2039 104.74599907250067
2040 106.90517337190167
2041 102.42914474614751
2042 99.07322108094625
2043 97.44092211399575
2044 96.53771219294819
2045 97.81831223811896
2046 99.59395819585622
2047 105.41884738747567
2048 99.35231102473331
2049 95.24854028561263
2050 94.80767433383993
2051 101.42052839075528
2052 98.35459607063773
2053 103.96542038455522
2054 104.54965369742021
2055 109.20726007505216
2056 107.60340415709966
2057 103.68752354814596
2058 101.88087267797088
2059 115.23733767752911
2060 105.03226357725288
2061 97.17804776155387
2062 102.7857918055548
2063 97.61036756799389
2064 106.60291619427741
2065 109.56666822821423
2066 107.13336202379621
2067 105.12980854189281
2068 109.71136623643285
2069 116.99572013132055
2070 103.81360975704807
2071 118.40326819631497
2072 114.10801179290024
2073 108.5090235928548
2074 112.1440679881612
2075 111.08903545372091
2076 109.30187754477491
2077 110.43745252661986
2078 104.47584517873769
2079 94.11744231376596
2080 110.4747879179465
2081 106.51134469347559
2082 109.39410571128649
2083 99.70346940872038
2084 108.75776257296302
2085 114.96526065223401
2086 111.50058116462684
2087 116.78151826541254
2088 108.8207589475724
2089 116.55275984776628
2090 117.23955179158422
2091 108.71560415358074
2092 114.72260226519239
2093 110.620386546933
2094 108.66241860406666
2095 117.84795741388034
2096 119.0712082625199
2097 105.95046442677891
2098 109.54316117267939
2099 114.83232258323056
2100 110.561989850996
