# contact :: CMIP6 CMCC-ESM2_r1i1p1f1 10-year smoothed AMO - Hurricane Melissa, c.barnes22@imperial.ac.uk 
# amo [degC] AMO (SST averaged over 0°-60°N, 0°-80°W minus SST averaged over 60°S-60°N, averaged over 121 months and then per calendar year); Trenberth et al. 2016) at hurricane-melissa_amo-sm10_cmip6_CMCC-ESM2_r1i1p1f1.dat
# year amo
1850 0.3425915332864713
1851 0.38544318545078776
1852 0.4227320120445484
1853 0.4459876296464149
1854 0.4581388458065639
1855 0.5128958522602158
1856 0.5505147039778583
1857 0.5725350005966204
1858 0.5898563604294526
1859 0.6184355257224076
1860 0.6380689333777533
1861 0.6264641095877764
1862 0.6114358785001565
1863 0.6139818245380629
1864 0.6485285051089655
1865 0.6693687534962312
1866 0.6710319756677645
1867 0.6681415757523892
1868 0.6608435183020934
1869 0.6667436435111306
1870 0.687663002422981
1871 0.7068076648473257
1872 0.7159347323439761
1873 0.7143505818966336
1874 0.6995021629613337
1875 0.7043180905681291
1876 0.7038764999739584
1877 0.6966580657105229
1878 0.6710700020634638
1879 0.647364193711942
1880 0.6146740543592836
1881 0.5749333044872418
1882 0.5392443324925013
1883 0.5225119158504659
1884 0.5079149411037632
1885 0.4737708359320815
1886 0.45862805483711466
1887 0.4509192933505488
1888 0.45791583403934527
1889 0.45293198302047655
1890 0.4356889795229755
1891 0.43840356447701184
1892 0.4587345804662075
1893 0.4836116147083858
1894 0.49356727886179086
1895 0.4901910361791862
1896 0.48283436348960745
1897 0.46701015075862
1898 0.46960608927790837
1899 0.487167540515051
1900 0.5162410350893832
1901 0.554493551539856
1902 0.5866523047202695
1903 0.6234368929613064
1904 0.6572889608574802
1905 0.6938202523697119
1906 0.7425517269619095
1907 0.7828884245111453
1908 0.7883163039278057
1909 0.8089285638834903
1910 0.813213553320309
1911 0.8183831712196964
1912 0.8283731511222188
1913 0.8197800955187269
1914 0.7890453479587766
1915 0.7589026099085228
1916 0.7296298975929122
1917 0.726908110631797
1918 0.7570407257358435
1919 0.7539134910051054
1920 0.749973411782448
1921 0.7352977611276473
1922 0.7128189352241815
1923 0.684174629269202
1924 0.6755971697191036
1925 0.6767382067069657
1926 0.677418821380173
1927 0.6905879078572656
1928 0.7357523972788561
1929 0.7659295307068309
1930 0.775314523496716
1931 0.7805998568512077
1932 0.7925645633401457
1933 0.8166096993833402
1934 0.8163030629992086
1935 0.8216056570717747
1936 0.8343070636950921
1937 0.8440384399009236
1938 0.7849141180392065
1939 0.7488240154731733
1940 0.7402624459436868
1941 0.7449017475461107
1942 0.7412822603387976
1943 0.7393872975059237
1944 0.7345660532622204
1945 0.7408233871428654
1946 0.7327831597545468
1947 0.6916071440716122
1948 0.6790670608915766
1949 0.6597335043062471
1950 0.6386604332669673
1951 0.6284737863579716
1952 0.614659665220909
1953 0.5747773467645636
1954 0.5828638126431976
1955 0.5887673197137535
1956 0.5929956204932122
1957 0.6118251345587001
1958 0.6329419165327287
1959 0.6802363469685521
1960 0.7038553209893443
1961 0.7131538110582967
1962 0.7198465722797867
1963 0.7602323930710804
1964 0.7991438568580752
1965 0.8365393241547893
1966 0.872820674666162
1967 0.8849260100088614
1968 0.874178304825772
1969 0.8439038088539318
1970 0.8499330165755793
1971 0.8816287186970556
1972 0.9362953231279546
1973 0.9741158205036076
1974 0.9573358019149251
1975 0.9261811390866005
1976 0.8952262027793516
1977 0.8951222535708618
1978 0.903470112712454
1979 0.9035205349508305
1980 0.9091221189048929
1981 0.8837748149295567
1982 0.8294417010178826
1983 0.7854325632454348
1984 0.7679459968835127
1985 0.7584518043791064
1986 0.7551885735617518
1987 0.755958675027126
1988 0.7692104923084108
1989 0.7869077639393828
1990 0.7869834527954436
1991 0.783325679845519
1992 0.7830426487782427
1993 0.7590934461984621
1994 0.7398985356970428
1995 0.7449160614974936
1996 0.7309228433052505
1997 0.7121564939412212
1998 0.7000585140837772
1999 0.6944578276254566
2000 0.6782511774414263
2001 0.6512193318511083
2002 0.6341029215739862
2003 0.6429522574781504
2004 0.6580209216723661
2005 0.6295689199449265
2006 0.5959704999244845
2007 0.5838552197818392
2008 0.5688926697547134
2009 0.5361289460242694
2010 0.5204228385669927
2011 0.5184308793830145
2012 0.5147836266631509
2013 0.503552502657275
2014 0.4794566464287833
2015 0.48121237541665757
2016 0.502215797010192
2017 0.48301253167406427
2018 0.4377889422465473
2019 0.4044683621199922
2020 0.3675677367093355
2021 0.32601998231882434
2022 0.29550470921965294
2023 0.27553967170890975
2024 0.26862441705757817
2025 0.23881584221095772
2026 0.21904224136018216
2027 0.24649681636273701
2028 0.3049364214506313
2029 0.3206829501512622
2030 0.29661136555559137
2031 0.2937068808322312
2032 0.309470790381319
2033 0.31760087696832245
2034 0.3029910977858998
2035 0.3025692699215433
2036 0.3236068478895691
2037 0.34343813022100617
2038 0.3128760083346727
2039 0.283175136784865
2040 0.27934912576670395
2041 0.2932839787120861
2042 0.31248028665358435
2043 0.31219487817234615
2044 0.31595570005209855
2045 0.32711745955784305
2046 0.32981295894300744
2047 0.3289602060700016
2048 0.36152623527492095
2049 0.404946700203779
2050 0.45622470731356257
2051 0.4715244111918406
2052 0.4574865430204968
2053 0.4687498222262067
2054 0.5156690812147843
2055 0.5411024237162926
2056 0.535978831098522
2057 0.5165718960301013
2058 0.5090166247339603
2059 0.5153214160319001
2060 0.5119910578651529
2061 0.5366063295114782
2062 0.588887233891874
2063 0.6094899852376793
2064 0.57002183803724
2065 0.5327452843495333
2066 0.5316809032100269
2067 0.5405109276224894
2068 0.530342507498656
2069 0.5223745723352334
2070 0.5437546847290905
2071 0.5542297103463198
2072 0.5678243134755548
2073 0.5776394273496273
2074 0.6010730269699458
2075 0.6532215494870046
2076 0.7106666822244204
2077 0.7194312063579655
2078 0.7211796646140156
2079 0.7355583861184062
2080 0.7359406101971033
2081 0.7265428472660512
2082 0.7093513532855349
2083 0.705958786102758
2084 0.7292562479914975
2085 0.7227751616192383
2086 0.6852634899856439
2087 0.7098488085510382
2088 0.7665670234104588
2089 0.7871657119457165
2090 0.8067012917426992
2091 0.8397766925454171
2092 0.8526742352631757
2093 0.858632020308223
2094 0.8428500910320406
2095 0.8466732273848631
2096 0.9077734612477841
2097 0.9107826182957389
2098 0.8810217757341897
2099 0.8770556357140995
2100 0.8849671087069045
