# contact :: CMIP6 KIOST-ESM_r1i1p1f1 maximum monthly potential intensity in the Caribbean - Hurricane Melissa, c.barnes22@imperial.ac.uk 
# vmax [m/s] Annual maximum of monthly potential intensity averaged over 80-60W, 12-18N at hurricane-melissa_pi_cmip6_KIOST-ESM_r1i1p1f1.dat
# year vmax
1850 87.7531635531129
1851 91.8589602783992
1852 95.34087649509515
1853 94.04942209061034
1854 91.08101424183079
1855 93.47944607332208
1856 94.96726497820816
1857 93.29020334697235
1858 91.46366328691916
1859 91.79208978476751
1860 94.91082552108196
1861 91.14598609847526
1862 92.00291367542201
1863 97.00599892493601
1864 86.73915079098278
1865 91.56871644083769
1866 96.039310512957
1867 88.30331868650441
1868 96.35359363294904
1869 90.3842709128075
1870 92.5016591186109
1871 93.98557866137803
1872 88.08928478971197
1873 96.50552819351334
1874 98.65630426421107
1875 87.59680833937726
1876 92.66571342327222
1877 94.99773537603221
1878 86.51953149930266
1879 88.36307736507491
1880 89.32347302383415
1881 88.44644913114224
1882 84.81447351985233
1883 90.14713415524928
1884 97.44234560982363
1885 92.99437846900241
1886 93.61910205829896
1887 94.90129082486592
1888 92.64855185328709
1889 90.88576062336185
1890 94.77252621431622
1891 85.24400453971832
1892 97.50504641618042
1893 93.0025203384634
1894 88.5318396947614
1895 89.04993893332446
1896 88.05370961661002
1897 92.92309949707708
1898 93.92610798890587
1899 89.95164915170017
1900 97.11724240340493
1901 92.45432614195911
1902 89.71248542591458
1903 90.72371290782816
1904 92.2920812696305
1905 91.63109651488304
1906 90.71358263903767
1907 94.3852009563095
1908 91.77293910221967
1909 89.4411818767478
1910 97.84587639542556
1911 95.03722015312272
1912 88.66842077997295
1913 90.20301387744846
1914 93.09085885068282
1915 90.75840493831052
1916 92.1737519179856
1917 89.79675460504811
1918 92.01287399556226
1919 89.98425897165595
1920 90.4014804017817
1921 95.59924325321421
1922 90.54315789622346
1923 84.89725073844978
1924 91.27150607240816
1925 97.84099472822965
1926 91.23182419990182
1927 99.25442810501433
1928 94.96755079413799
1929 88.16071814883888
1930 94.13282809337765
1931 92.00797014938603
1932 94.7328089992012
1933 98.6201435051951
1934 93.84845504671085
1935 93.9290710862887
1936 93.76809159751741
1937 87.39954558129564
1938 91.83495266406221
1939 87.73988485279652
1940 93.07255330847285
1941 100.87489056534265
1942 94.0458789914406
1943 96.55755037059573
1944 95.38030304539465
1945 89.76863672156917
1946 92.53380079869038
1947 90.97294101441389
1948 92.73928143154832
1949 100.48290823588496
1950 92.42493395689269
1951 93.94786860636363
1952 91.7388605691568
1953 90.04575864367177
1954 88.25214427430194
1955 95.91822261465613
1956 94.18579734502849
1957 93.5176867206978
1958 95.62304468384283
1959 96.78862870938937
1960 93.89484880179656
1961 96.9039095388703
1962 96.25961060362938
1963 87.00790620883838
1964 93.16858059121591
1965 96.23762809260225
1966 89.68689969787378
1967 95.80989539446388
1968 99.27044534241308
1969 90.03788788790392
1970 91.03981665846003
1971 95.26616894516022
1972 92.77577486812734
1973 94.36891227755652
1974 89.08670107019013
1975 95.21750280409962
1976 94.62868218670567
1977 98.30622962770119
1978 88.78171791282729
1979 92.2602527670519
1980 91.85264197274549
1981 91.95289342704586
1982 88.70488702913278
1983 94.44931459136191
1984 95.52961712916382
1985 91.66048935531698
1986 96.81558304168291
1987 91.70307245414229
1988 92.03943341666834
1989 89.89284978985924
1990 90.24991568909411
1991 88.56271073225066
1992 89.19926406879986
1993 94.9198875756187
1994 94.81968780238223
1995 90.7052103979324
1996 99.61150503103907
1997 96.10430015574343
1998 94.29534656028385
1999 99.0642373980972
2000 90.55830286418627
2001 98.3660393983128
2002 96.91968393011678
2003 92.87100809917963
2004 100.00081148530722
2005 92.67595705759261
2006 91.61517866395454
2007 90.86108190070831
2008 91.27622754287754
2009 96.7759359213662
2010 98.31317095260897
2011 92.24210378375824
2012 94.81828406707447
2013 93.35274738513631
2014 97.12322330385318
2015 101.8238347845854
2016 93.3185403194681
2017 96.5929854591303
2018 93.4322645284386
2019 99.47254398847593
2020 98.62033519228306
2021 96.47889745378933
2022 99.54887480403555
2023 95.8733659296685
2024 97.17113264526701
2025 99.84140983983295
2026 91.3409157907895
2027 99.54778356584313
2028 98.84004244208839
2029 90.73885706277764
2030 97.04291595513155
2031 92.22430131509331
2032 97.13682929498796
2033 94.1290302558865
2034 94.89139039575161
2035 97.85900591430926
2036 93.73417894316285
2037 95.17957699034919
2038 101.3875722960956
2039 97.99228481123792
2040 98.32301397576558
2041 100.30500410577366
2042 91.52368477787762
2043 95.58202850170757
2044 97.93472846695325
2045 94.22245300379215
2046 93.09762216032382
2047 94.30252302069285
2048 98.56135966739903
2049 98.51115538432563
2050 89.09366691698804
2051 99.34888671343381
2052 93.23487965667582
2053 91.25319883424056
2054 95.55351469734738
2055 93.78139656859041
2056 91.64739218736916
2057 96.53284119076383
2058 93.76962825505774
2059 98.949467188042
2060 100.06840564689838
2061 97.79219114586746
2062 104.61765100708449
2063 100.79839528121835
2064 98.74155924927382
2065 97.53673111547921
2066 93.50897137248744
2067 99.16302098278734
2068 97.08042651749241
2069 93.17427110143396
2070 104.07388267299856
2071 95.0660487225507
2072 93.16390236936343
2073 92.48037277403851
2074 95.3510410462392
2075 96.13033723686844
2076 84.35627605267781
2077 96.67077118214064
2078 96.7376476952631
2079 92.3006061327172
2080 94.30489263551328
2081 90.80743881800849
2082 96.66732651846681
2083 95.9358725205971
2084 98.2649591245901
2085 96.72443587562893
2086 103.83633129195886
2087 93.17418954901336
2088 95.28018261925295
2089 97.8504392870583
2090 90.20561895343343
2091 89.64271854072878
2092 97.35567759302779
2093 88.10563715795075
2094 92.0093441346109
2095 96.6082448262362
2096 96.52202586182736
2097 93.84608402762929
2098 93.47659696977121
2099 90.59461360924543
2100 94.68483027138777
