# contact :: CMIP6 EC-Earth3-Veg-LR_r1i1p1f1 10-year smoothed AMO - Hurricane Melissa, c.barnes22@imperial.ac.uk 
# amo [degC] AMO (SST averaged over 0°-60°N, 0°-80°W minus SST averaged over 60°S-60°N, averaged over 121 months and then per calendar year); Trenberth et al. 2016) at hurricane-melissa_amo-sm10_cmip6_EC-Earth3-Veg-LR_r1i1p1f1.dat
# year amo
1850 -0.2576849644619384
1851 -0.282143907563055
1852 -0.288648500203502
1853 -0.28856249772388193
1854 -0.2748403522859921
1855 -0.2626409263102813
1856 -0.3197200160719524
1857 -0.3351057628310032
1858 -0.3456475472371585
1859 -0.3641257449136535
1860 -0.4019616068380603
1861 -0.4331837061612223
1862 -0.45476021626805546
1863 -0.46427883882594306
1864 -0.4955834304708388
1865 -0.48595022867511745
1866 -0.4655477591246689
1867 -0.4727779002338544
1868 -0.465299288060826
1869 -0.45566471876324516
1870 -0.4476579169610922
1871 -0.40380084091409874
1872 -0.37655976696404175
1873 -0.366255658886141
1874 -0.3365992397489443
1875 -0.31547311492601127
1876 -0.2834027082928176
1877 -0.2341683764492842
1878 -0.21992807180105603
1879 -0.22666843119856336
1880 -0.1949719598474492
1881 -0.18080728849040442
1882 -0.1741894323196853
1883 -0.1427368324290438
1884 -0.12303198982871631
1885 -0.11508809262968785
1886 -0.11498250503724894
1887 -0.15302603728694966
1888 -0.1776954869312497
1889 -0.18352376524571598
1890 -0.20489188489051655
1891 -0.2194544703361787
1892 -0.22506212435040643
1893 -0.2591078178968838
1894 -0.28645221656891784
1895 -0.28763748538233846
1896 -0.2769008776547239
1897 -0.25695752556888374
1898 -0.2583451655221914
1899 -0.26325042354067757
1900 -0.2510359759799229
1901 -0.23443257074652016
1902 -0.2388485000477157
1903 -0.23468574212567886
1904 -0.23252639895057378
1905 -0.2617188601319857
1906 -0.3112244610574631
1907 -0.34279362975245453
1908 -0.3500294086477668
1909 -0.34623552280015973
1910 -0.3551697497126995
1911 -0.38331963987503964
1912 -0.39100074006690083
1913 -0.39699629400771963
1914 -0.4000160159225204
1915 -0.3929746384096333
1916 -0.385499605779887
1917 -0.3617059998234015
1918 -0.32100920842703945
1919 -0.29193970857801427
1920 -0.27670623081642576
1921 -0.27666776573195523
1922 -0.2806379981851432
1923 -0.2643872375354989
1924 -0.2553064258262452
1925 -0.24247564235949862
1926 -0.20185330040187008
1927 -0.19571365196079252
1928 -0.22402285122085389
1929 -0.25551144989195734
1930 -0.29345149273543525
1931 -0.3046332431316826
1932 -0.296974909267291
1933 -0.28536769726364875
1934 -0.299727711111165
1935 -0.30459040141975485
1936 -0.33332610493858816
1937 -0.33752620206796663
1938 -0.32628532707785696
1939 -0.3160552916269182
1940 -0.2827266920975423
1941 -0.2599254271094688
1942 -0.2448499670832377
1943 -0.24702221676163402
1944 -0.2411165029190241
1945 -0.2286529267292758
1946 -0.2142330707322578
1947 -0.20617900977325795
1948 -0.2036613465124132
1949 -0.2057848111270263
1950 -0.21617770790036717
1951 -0.20851437948708254
1952 -0.22763258131402894
1953 -0.25830746806688665
1954 -0.26296604185149436
1955 -0.2694811489670095
1956 -0.2759262873472892
1957 -0.2698915343103088
1958 -0.25359088613550046
1959 -0.21981636535005633
1960 -0.19874647243199886
1961 -0.18743331748604586
1962 -0.15525572900519613
1963 -0.12064335365156405
1964 -0.11302099406499411
1965 -0.115294020135098
1966 -0.11233476214290011
1967 -0.11374447950033906
1968 -0.10007539704398438
1969 -0.09488329060016505
1970 -0.07867255260419205
1971 -0.08007241220065305
1972 -0.09629168754480834
1973 -0.10491430435723814
1974 -0.10605972639264145
1975 -0.09136847239464847
1976 -0.08685506201260303
1977 -0.08781035699964342
1978 -0.08863775603717479
1979 -0.10098207299677812
1980 -0.124898163775512
1981 -0.1275167344105473
1982 -0.09294322982550274
1983 -0.08150395276464395
1984 -0.060032600112037475
1985 -0.05056150321114438
1986 -0.02949505853378621
1987 -0.006445893988891716
1988 -0.016739475438042276
1989 -0.006788951955632508
1990 0.026248566677437593
1991 0.05565817135936277
1992 0.052588318566992885
1993 0.06641087682409762
1994 0.05927312351301245
1995 0.058388984603124174
1996 0.04561891332398651
1997 0.02639853574632592
1998 0.02375014839694273
1999 0.021692289719845412
2000 0.01593729598625175
2001 0.005528181110088782
2002 -0.0025506298116888372
2003 -0.010854559409564589
2004 -0.005714000728707868
2005 -0.017092168742698973
2006 -0.010430805579246171
2007 0.0026481583050408145
2008 0.024291153371251272
2009 0.02227501356743238
2010 0.015589499787820886
2011 0.03508968515597679
2012 0.05384729051970385
2013 0.0558397564857522
2014 0.062100462669867205
2015 0.0846686432761194
2016 0.07553290099410735
2017 0.05944423144695435
2018 0.038755441798156036
2019 0.03385226306647835
2020 0.04310833295334294
2021 0.02785825336753243
2022 0.0015625424079387079
2023 -0.00034553038236058556
2024 -0.006311324054533084
2025 -0.01812973538248876
2026 -0.020856655907056588
2027 -0.004019252681105367
2028 -0.0012906171349740256
2029 0.012717079474979605
2030 -0.003935430266632144
2031 -0.015302918476984546
2032 0.0076098100263774825
2033 0.025646196173535158
2034 0.03790706690738174
2035 0.03821491278313902
2036 0.04139733127167751
2037 0.027825707334684032
2038 0.03829817920427426
2039 0.05777527655950453
2040 0.08353562963611812
2041 0.09781765078255254
2042 0.10618656460596283
2043 0.1014986115071741
2044 0.08547260556432289
2045 0.08672277597401161
2046 0.09476112324910306
2047 0.10196952241696926
2048 0.10060199052270384
2049 0.0733571612945051
2050 0.05209665328210042
2051 0.017478622227964476
2052 -0.02751356150980507
2053 -0.05291916189818103
2054 -0.04946280276295761
2055 -0.031044305523155496
2056 -0.06027834003182352
2057 -0.07787409290131635
2058 -0.07939864777825466
2059 -0.09043213849908249
2060 -0.11746584639877296
2061 -0.1078415828254589
2062 -0.08733814248429693
2063 -0.0825525175826074
2064 -0.09345622300213446
2065 -0.1019784555679603
2066 -0.048702909214507206
2067 -0.007665551299263041
2068 -0.008926061284965882
2069 0.015283217375830405
2070 0.03762950879170266
2071 0.06869738542858303
2072 0.0997887308803389
2073 0.11935785963556116
2074 0.15781325913948055
2075 0.17629288414055053
2076 0.1478074527203048
2077 0.1232051099131853
2078 0.12994002670652857
2079 0.13905841046536555
2080 0.17450229281504306
2081 0.177958975330741
2082 0.15544908916176298
2083 0.17429793193779008
2084 0.19457002514801613
2085 0.18688595448055245
2086 0.19407363147316747
2087 0.20791612012300306
2088 0.21768141387276832
2089 0.24140834943078224
2090 0.27091100528595663
2091 0.28423170202006315
2092 0.2909891012234039
2093 0.3098335475547527
2094 0.29781874112518353
2095 0.3001410678144784
2096 0.36227068166156956
2097 0.39450494617466697
2098 0.42660801452092917
2099 0.42431232477043473
2100 0.3892986656924193
