# contact :: CMIP6 FGOALS-f3-L_r1i1p1f1 10-year smoothed AMO - Hurricane Melissa, c.barnes22@imperial.ac.uk 
# amo [degC] AMO (SST averaged over 0°-60°N, 0°-80°W minus SST averaged over 60°S-60°N, averaged over 121 months and then per calendar year); Trenberth et al. 2016) at hurricane-melissa_amo-sm10_cmip6_FGOALS-f3-L_r1i1p1f1.dat
# year amo
1850 2.1091683084776944
1851 2.1231894821705026
1852 2.131192717147145
1853 2.138109611340857
1854 2.134982966656452
1855 2.1627860173151983
1856 2.1878760663999155
1857 2.2031127941156794
1858 2.201320800672925
1859 2.2121732950826782
1860 2.2216110840920718
1861 2.215471838376241
1862 2.212268938134278
1863 2.208246876222399
1864 2.2242552584307744
1865 2.244750019933679
1866 2.217922239471497
1867 2.201781587129649
1868 2.221197767227408
1869 2.2328271899059815
1870 2.2309887724552255
1871 2.2349102246686345
1872 2.236627136758508
1873 2.2457233055493937
1874 2.248524529161392
1875 2.23347579493751
1876 2.245955061612607
1877 2.2681821647068716
1878 2.230519671768112
1879 2.2328967011763705
1880 2.2598000622459695
1881 2.2640959982021025
1882 2.284632134359627
1883 2.305744424736534
1884 2.3247902139473027
1885 2.3686554342136326
1886 2.409004624192556
1887 2.429680371283537
1888 2.4707630722857172
1889 2.465881169536174
1890 2.444467175987167
1891 2.4690801580126935
1892 2.461723898863021
1893 2.4478723958916113
1894 2.452893623242322
1895 2.41867628077555
1896 2.3670729999106266
1897 2.3392772328735805
1898 2.3189395668907586
1899 2.3115868556779744
1900 2.3179225061410627
1901 2.2820778780731352
1902 2.262397444182822
1903 2.236311838396215
1904 2.1898654496064354
1905 2.1798684556122305
1906 2.203582857813471
1907 2.2139542601762465
1908 2.215075831141062
1909 2.211618086525473
1910 2.196115952888459
1911 2.1917718810067255
1912 2.1904809254109483
1913 2.2074342281408152
1914 2.2207762384305973
1915 2.220935813373602
1916 2.2000529971410416
1917 2.1913075349738325
1918 2.1934058776624745
1919 2.2038431553745252
1920 2.1961728424036173
1921 2.2022428982466455
1922 2.2280927748908703
1923 2.2286693831819537
1924 2.23037009416984
1925 2.2289268294373312
1926 2.2248606212074082
1927 2.2214138863476536
1928 2.1947313509254434
1929 2.174749991804951
1930 2.1901626978491393
1931 2.183594514083721
1932 2.1702229464977063
1933 2.181136432820169
1934 2.18577221352629
1935 2.184064745682916
1936 2.2003597805289314
1937 2.1940908075271675
1938 2.211423088720033
1939 2.2473851596140793
1940 2.2621273573849763
1941 2.2660606212470147
1942 2.271562188028681
1943 2.270330927254233
1944 2.2480281566358884
1945 2.228672921044138
1946 2.2179126241317895
1947 2.215020986555833
1948 2.193405620916062
1949 2.148456890686568
1950 2.108587626526137
1951 2.093382207337998
1952 2.0980292407306065
1953 2.080070148998918
1954 2.0840828669458165
1955 2.09416930559752
1956 2.081803146676091
1957 2.0790082070880636
1958 2.1045581934946997
1959 2.112333655002032
1960 2.1188554481437953
1961 2.135368129424265
1962 2.1098240750546533
1963 2.088345018850703
1964 2.10851281267462
1965 2.1204687559705753
1966 2.1285272942209326
1967 2.1427574676087895
1968 2.127350201433375
1969 2.117249779040861
1970 2.120685952530822
1971 2.1140875394202294
1972 2.123310804166634
1973 2.139426174351003
1974 2.1186873040747902
1975 2.109345838980838
1976 2.102813753732381
1977 2.0858431774248563
1978 2.0645850971448008
1979 2.056815662170345
1980 2.0532020888928417
1981 2.0450156126349626
1982 2.0423542695181323
1983 2.0520183861474863
1984 2.066354077673383
1985 2.072610250344876
1986 2.091506197866672
1987 2.1038900611990523
1988 2.1066457009375044
1989 2.117370788399194
1990 2.108471731161138
1991 2.1028198734131713
1992 2.104021327215333
1993 2.0959025502828212
1994 2.0811870076676544
1995 2.0841883705504007
1996 2.079380180182629
1997 2.0808411975486396
1998 2.102865648233903
1999 2.106456859893465
2000 2.1334754496561525
2001 2.1757125503247594
2002 2.181623756377075
2003 2.188117238702985
2004 2.2292903341820822
2005 2.249736194427623
2006 2.26600003320517
2007 2.2743564365549043
2008 2.266343882412702
2009 2.27100126764447
2010 2.2755005130748462
2011 2.2583330047505115
2012 2.261768043120161
2013 2.272265727542502
2014 2.2642125216149522
2015 2.248440220634685
2016 2.231997681600378
2017 2.225481614469154
2018 2.2364146901148927
2019 2.24843856633536
2020 2.24594343297286
2021 2.243960425813477
2022 2.231400636138847
2023 2.2139879694137226
2024 2.1985751469561086
2025 2.1746547846648157
2026 2.165927823708774
2027 2.17085434880245
2028 2.172495401435713
2029 2.1735831229972526
2030 2.2000884834491568
2031 2.2249821719327754
2032 2.2371631501907663
2033 2.2458253603648766
2034 2.234233648175574
2035 2.2458726225048995
2036 2.2552337595356975
2037 2.2569465373005495
2038 2.2372992093405313
2039 2.2373261793262604
2040 2.212938210949313
2041 2.185615910941848
2042 2.1805997929979424
2043 2.1902688274942124
2044 2.2032267187039127
2045 2.2116503925800655
2046 2.218440778291186
2047 2.1936906430457017
2048 2.207134535555913
2049 2.2311842241616646
2050 2.235777188580102
2051 2.2520665013590615
2052 2.277996748137731
2053 2.274483398851635
2054 2.2729545932905717
2055 2.2971554695010385
2056 2.2958903425732617
2057 2.3135464901537337
2058 2.3244859414393213
2059 2.3194089571807077
2060 2.3103094341532353
2061 2.3021039842994653
2062 2.29556171652777
2063 2.289927302787409
2064 2.2733839675786416
2065 2.227803528774491
2066 2.212450043631041
2067 2.2003007345551837
2068 2.2074506230330235
2069 2.2127041935294716
2070 2.2065970151958734
2071 2.205295508515642
2072 2.189989682033451
2073 2.1872050306685233
2074 2.2019939092074594
2075 2.2231649347153724
2076 2.2142438978278927
2077 2.228631766511777
2078 2.225236577555577
2079 2.180281758350602
2080 2.16718353884785
2081 2.163461860864508
2082 2.144439717224492
2083 2.1423736087045033
2084 2.1567738114332546
2085 2.1770910150039526
2086 2.216396660571481
2087 2.233597848681153
2088 2.238540245513722
2089 2.2642814343463353
2090 2.3051050598082505
2091 2.323013640884936
2092 2.3340696659381988
2093 2.3462411381308925
2094 2.3238934620604472
2095 2.28017887104854
2096 2.2934039047964787
2097 2.2789374086148313
2098 2.26339434139495
2099 2.2555350127510336
2100 2.225467150131859
