# contact :: CMIP6 INM-CM5-0_r1i1p1f1 maximum monthly potential intensity in the Caribbean - Hurricane Melissa, c.barnes22@imperial.ac.uk 
# vmax [m/s] Annual maximum of monthly potential intensity averaged over 80-60W, 12-18N at hurricane-melissa_pi_cmip6_INM-CM5-0_r1i1p1f1.dat
# year vmax
1850 66.13285316735009
1851 68.89957741307175
1852 70.80881169772297
1853 70.58846406661105
1854 69.3565411404555
1855 71.34547519879357
1856 68.92195010906903
1857 69.2679609534708
1858 71.12932104688913
1859 67.66191820499219
1860 68.34250212950543
1861 69.59834923425825
1862 68.29275071037402
1863 68.2179339766897
1864 68.78065213738716
1865 68.35895929466346
1866 65.63276267123398
1867 69.23662053912093
1868 68.75595180202498
1869 66.08830206304134
1870 70.83523376884905
1871 69.47260257049831
1872 66.81327710642381
1873 69.81449508222028
1874 67.80533764819299
1875 67.09391915952847
1876 67.22766512386174
1877 71.61623746978745
1878 68.32653598471285
1879 69.71778201624771
1880 69.35606104859889
1881 69.20701071666737
1882 69.50686978461987
1883 67.58765227189207
1884 67.46022655289414
1885 65.84435040957915
1886 66.19489781752405
1887 66.02918754115473
1888 70.4315406254031
1889 69.30503682764346
1890 69.99471969727762
1891 67.16954497057931
1892 69.75555311022642
1893 68.96418410233721
1894 71.1725495728183
1895 68.63721404118618
1896 66.579891840022
1897 68.20448576886852
1898 71.12569828601471
1899 68.99337664567534
1900 67.51391460877052
1901 67.53088640146815
1902 69.73222826080986
1903 68.44586037338951
1904 66.83003824653727
1905 69.69224718043186
1906 69.372689103398
1907 67.25645780937349
1908 65.51483438330511
1909 67.14171657552096
1910 67.77041572271573
1911 65.73727503075963
1912 67.8660998105634
1913 68.54019878187788
1914 66.77278133933979
1915 67.5832122732964
1916 70.785907045684
1917 70.40085748083939
1918 70.89888249255915
1919 69.23870449055651
1920 70.02224247754698
1921 67.71008947294489
1922 69.2057518094225
1923 71.539444905287
1924 69.21319120262241
1925 68.95338723646434
1926 68.90091441904208
1927 69.10352689710686
1928 70.53045174484515
1929 67.73446100021876
1930 71.09033549484197
1931 72.57611711090921
1932 70.16789347993533
1933 70.08808146312145
1934 70.97073533853526
1935 71.17262738670603
1936 69.17513375073655
1937 67.4794282554735
1938 68.79175757691928
1939 72.68790967721597
1940 67.64109635420913
1941 68.4222071661532
1942 68.96522364988785
1943 70.70501889025724
1944 67.55313835056003
1945 68.490218510204
1946 65.99060007503145
1947 66.93579060285916
1948 69.05321362259774
1949 69.36312883964489
1950 68.64077315604897
1951 67.54854964418558
1952 68.46660969285846
1953 68.90720770841254
1954 65.74189722106786
1955 70.78762603299714
1956 67.66162366280359
1957 72.40108144138189
1958 70.31331788392849
1959 69.44872521745931
1960 67.83986380775369
1961 68.44369916202523
1962 67.51078364178333
1963 68.44091247906206
1964 68.82814739973084
1965 69.47599547438763
1966 67.76979089423367
1967 70.04583275842386
1968 69.4877948797522
1969 68.80082799981784
1970 69.99819485235163
1971 68.70383592522586
1972 69.30888490663268
1973 68.91339676270023
1974 71.30093463127913
1975 66.2061552892463
1976 66.481033736403
1977 69.13089115860761
1978 68.57053575322526
1979 68.03764561456522
1980 73.47464701256632
1981 69.84976362787312
1982 66.9482525764994
1983 66.89943245975259
1984 66.86752414984426
1985 69.3837676501831
1986 69.92340650695047
1987 68.12851742569647
1988 68.49348156844607
1989 66.34364086983189
1990 70.77899417009661
1991 68.88692543078696
1992 68.6262960028712
1993 69.36455242389906
1994 68.3327072219836
1995 70.33381489621577
1996 70.438237449546
1997 69.68110673199476
1998 70.3095984687788
1999 68.0610627969375
2000 69.54586128616906
2001 69.63806002454088
2002 69.85536680736821
2003 70.58058382718671
2004 70.55650671079705
2005 68.11448620404582
2006 68.19264288008966
2007 68.64774127762152
2008 68.07556128540404
2009 68.4854844440007
2010 67.3771293831641
2011 67.53423281241766
2012 67.44670802062866
2013 69.72268226341981
2014 68.6525089176717
2015 72.18824619774567
2016 67.57397190415826
2017 67.60938532233472
2018 69.88605116112453
2019 70.57366246366398
2020 68.97137517714188
2021 69.73052914655693
2022 69.60290864754566
2023 71.05916052868542
2024 72.32726265389205
2025 73.91187343386152
2026 72.13265530778472
2027 69.77511081961676
2028 71.39858035667369
2029 73.34319699738029
2030 71.08991825811624
2031 74.6349761613992
2032 70.21191417589394
2033 70.32590000193501
2034 71.11627830888139
2035 68.89351997856448
2036 72.56992032060104
2037 72.40397496301597
2038 71.44449946319004
2039 71.21433319573983
2040 75.8259407721298
2041 72.79699499477421
2042 70.83171400843902
2043 73.90477938287121
2044 74.71602343539502
2045 72.79387727028372
2046 73.7054759221312
2047 70.33151667205438
2048 71.36470949624737
2049 71.30294874994262
2050 71.5667627839087
2051 72.29253304433762
2052 74.13840172588347
2053 71.34290302476941
2054 71.48477616254596
2055 73.15770317836551
2056 73.47827703076304
2057 68.6019379810759
2058 71.77274640238669
2059 73.98875767813178
2060 73.81247352957286
2061 71.07484916941829
2062 68.54572488740705
2063 71.69007881677437
2064 71.0991730853798
2065 75.35267709873587
2066 75.28861055437748
2067 71.6832022015613
2068 73.39299283634466
2069 70.06873035006836
2070 73.32405633840547
2071 75.90832819637379
2072 72.65437074754435
2073 73.10877987196459
2074 77.63835717076023
2075 78.44956411400982
2076 71.2982633990489
2077 75.67290453713136
2078 74.50213750476713
2079 78.35816739797744
2080 76.81564347913934
2081 74.11278460488323
2082 74.59869096406165
2083 75.3773119033695
2084 75.03440891686824
2085 75.53311446880944
2086 75.36304656648639
2087 74.03334973603761
2088 72.23450219461344
2089 74.37330864154274
2090 70.36726859512763
2091 75.37197079755336
2092 77.17075062455352
2093 72.17013988398888
2094 71.93669385180746
2095 77.28043082406624
2096 77.93638314542518
2097 75.41209415475727
2098 75.8211407361996
2099 74.95216363472846
2100 77.64551718819692
