# contact :: CMIP6 E3SM-1-1_r1i1p1f1 10-year smoothed AMO - Hurricane Melissa, c.barnes22@imperial.ac.uk 
# amo [degC] AMO (SST averaged over 0°-60°N, 0°-80°W minus SST averaged over 60°S-60°N, averaged over 121 months and then per calendar year); Trenberth et al. 2016) at hurricane-melissa_amo-sm10_cmip6_E3SM-1-1_r1i1p1f1.dat
# year amo
1850 -0.0518793141158666
1851 -0.035014407868205887
1852 -0.002084208313916059
1853 0.006473304336760852
1854 0.01120473507855064
1855 0.06075267840420819
1856 0.06983432399583513
1857 0.06268097061859439
1858 0.045318715606113134
1859 0.05480034227543562
1860 0.04661834244776514
1861 0.04749790595694251
1862 0.03928627963039427
1863 0.04154151393648106
1864 0.01660439306211333
1865 -0.005809456821777061
1866 -0.04141031748869778
1867 -0.06427311199832071
1868 -0.08745498705597494
1869 -0.10091068218554732
1870 -0.10540656248951695
1871 -0.12435697301616798
1872 -0.1598902758436854
1873 -0.19063603873289245
1874 -0.17471007461177757
1875 -0.16869222064699554
1876 -0.17082857326464176
1877 -0.1775758120128855
1878 -0.15211823514848333
1879 -0.14238606332617498
1880 -0.1312398626593828
1881 -0.11950876689089102
1882 -0.09939762845969057
1883 -0.07992088453552178
1884 -0.09322492191716808
1885 -0.08964528701915865
1886 -0.05484833247403148
1887 -0.04390927009857561
1888 -0.06524204952970894
1889 -0.07320573149451733
1890 -0.07950815037740093
1891 -0.06891351889142598
1892 -0.06556837198995086
1893 -0.07160130886398504
1894 -0.05360860523974086
1895 -0.04125812521687392
1896 -0.05560702667473722
1897 -0.061932175250509126
1898 -0.06638133657525576
1899 -0.0731500876049948
1900 -0.1011455138436867
1901 -0.1672850143568132
1902 -0.2187457225127933
1903 -0.24806383637853233
1904 -0.2803985237528295
1905 -0.3214883205921415
1906 -0.3409799600705414
1907 -0.35672905750143374
1908 -0.3915302713853002
1909 -0.4316207625007495
1910 -0.45260839814796955
1911 -0.4369103263058561
1912 -0.4400348119480714
1913 -0.47272792353348
1914 -0.4920481995599309
1915 -0.4888776640153822
1916 -0.5043554973232961
1917 -0.5163429522048655
1918 -0.512111484838051
1919 -0.5233374824025702
1920 -0.519030516145912
1921 -0.4824676035365893
1922 -0.44056282565902766
1923 -0.39666761239048065
1924 -0.3883057312494303
1925 -0.41256768821752915
1926 -0.42239258225231957
1927 -0.391437217347341
1928 -0.3763383897712431
1929 -0.349246870566069
1930 -0.3343462818375596
1931 -0.3477385754657956
1932 -0.3415823529646486
1933 -0.3186718138788986
1934 -0.2901276500202161
1935 -0.26712685787827045
1936 -0.2553364228062705
1937 -0.2793797460489188
1938 -0.27828207396722554
1939 -0.26468482446541947
1940 -0.2620580501122063
1941 -0.28243384577954295
1942 -0.32029889434866154
1943 -0.37966177512710386
1944 -0.40425676125987886
1945 -0.38196780085270365
1946 -0.3706446821523262
1947 -0.357886069434546
1948 -0.3478084954997807
1949 -0.3488340696416108
1950 -0.35260477290734055
1951 -0.3431187683728443
1952 -0.3456545052830549
1953 -0.3195620067441031
1954 -0.3056649929650417
1955 -0.32423560783814714
1956 -0.34905800391747976
1957 -0.37694489767338396
1958 -0.4086621863773717
1959 -0.4316548913686355
1960 -0.463939541630435
1961 -0.482467086865644
1962 -0.4907312097582773
1963 -0.5135124241167065
1964 -0.5654319712684761
1965 -0.6201171081806841
1966 -0.6568894230065975
1967 -0.6709103321574185
1968 -0.67597610577374
1969 -0.656160498247748
1970 -0.6399288527641757
1971 -0.6510062951260284
1972 -0.6662097360764211
1973 -0.6619371867066698
1974 -0.635864334642427
1975 -0.598431172463338
1976 -0.548450246064102
1977 -0.5035104835459573
1978 -0.45853208772106463
1979 -0.45356427039507247
1980 -0.46387400360594605
1981 -0.44537862421833935
1982 -0.44640536649207263
1983 -0.4534049596646357
1984 -0.4441675499609661
1985 -0.4306760701786603
1986 -0.4327491654824264
1987 -0.4416999455099609
1988 -0.4675176789086502
1989 -0.4860066573537609
1990 -0.4823270798140307
1991 -0.4668330672304189
1992 -0.45153788710665227
1993 -0.4242607550062299
1994 -0.39190381637175625
1995 -0.35872389582651176
1996 -0.3293863526790352
1997 -0.30242414799713996
1998 -0.28050969049264424
1999 -0.2490328447611407
2000 -0.18975074729838023
2001 -0.15618216560616452
2002 -0.13633379354990824
2003 -0.12368904527665692
2004 -0.11682556121792594
2005 -0.11477501074065698
2006 -0.10089632575223047
2007 -0.08373380222726567
2008 -0.047658891296989
2009 -0.0031658470862754636
2010 0.01713382835713648
2011 0.031249726966078976
2012 0.0606080196613859
2013 0.10668076250836801
2014 0.11736182946307973
2015 0.12669473115424454
2016 0.1468414847332464
2017 0.16121484351480958
2018 0.16002027601368254
2019 0.16059647396282986
2020 0.1632157645733473
2021 0.1618508091863671
2022 0.1784152439418993
2023 0.19554834627851014
2024 0.22957507202583124
2025 0.2735598960051899
2026 0.28436281470358954
2027 0.3039531931615006
2028 0.3227187983313731
2029 0.3318711770955995
2030 0.34038833400530244
2031 0.3595512994602903
2032 0.37644201254349957
2033 0.3729055255705958
2034 0.3815661555208307
2035 0.4065388537951405
2036 0.4396811111419967
2037 0.45384331201852063
2038 0.47570779029656496
2039 0.4972262263184009
2040 0.5100836000324949
2041 0.5261576769584018
2042 0.5558730297675958
2043 0.609349431820455
2044 0.6223820311614942
2045 0.5980404869151251
2046 0.6000911088190416
2047 0.6203062489138521
2048 0.6306224566401125
2049 0.6580409143405449
2050 0.6740710919478469
2051 0.7008696118286141
2052 0.7275798164782276
2053 0.7409105893196926
2054 0.7842653081989183
2055 0.840934176347487
2056 0.8426241746272916
2057 0.8409624601676473
2058 0.8580241209253945
2059 0.8487399254870405
2060 0.8727308634001129
2061 0.8744934541877156
2062 0.8729552559065351
2063 0.8570797914519912
2064 0.8477277981731574
2065 0.8351386126031709
2066 0.8630901056814927
2067 0.9113012527694476
2068 0.9230590591449919
2069 0.960090994061766
2070 0.978927786131376
2071 1.005530573221492
2072 1.0173552114946391
2073 1.0315557637803436
2074 1.0168726382011464
2075 1.0124652523576234
2076 1.0514553260613677
2077 1.0751066807210499
2078 1.0966129628569763
2079 1.1038412706920908
2080 1.1168081362614435
2081 1.1540731213557183
2082 1.1951335988995522
2083 1.2397096547558817
2084 1.2931100603591383
2085 1.3452097370102571
2086 1.3427051824741831
2087 1.3280715428284324
2088 1.3430532464784803
2089 1.3580090140556953
2090 1.3658434941942472
2091 1.3872852942475198
2092 1.3756852803488897
2093 1.3582401180319899
2094 1.371944128872803
2095 1.3834944133278222
2096 1.4403244753944564
2097 1.4520672764193379
2098 1.4621478518928763
2099 1.4962708393451953
2100 1.5334989741836154
