# contact :: CMIP6 INM-CM4-8_r1i1p1f1 10-year smoothed AMO - Hurricane Melissa, c.barnes22@imperial.ac.uk 
# amo [degC] AMO (SST averaged over 0°-60°N, 0°-80°W minus SST averaged over 60°S-60°N, averaged over 121 months and then per calendar year); Trenberth et al. 2016) at hurricane-melissa_amo-sm10_cmip6_INM-CM4-8_r1i1p1f1.dat
# year amo
1850 0.6524757186251045
1851 0.6679465198179947
1852 0.6669262731391256
1853 0.6825652072496684
1854 0.7064916378199726
1855 0.7692233270173888
1856 0.7984708986095832
1857 0.8342244417437662
1858 0.8585939070890515
1859 0.8756987881972228
1860 0.8798417333376575
1861 0.8823929051149347
1862 0.8879175928454682
1863 0.8782273080587127
1864 0.8526439122006204
1865 0.8179127236545666
1866 0.7720460270758794
1867 0.7291883005504828
1868 0.6984772639848137
1869 0.6848412448060106
1870 0.6879377490033582
1871 0.6809024562621868
1872 0.665061469702335
1873 0.6692541792816226
1874 0.6875505009397593
1875 0.6902298917821921
1876 0.6956647199622313
1877 0.690854765105013
1878 0.6765182569562013
1879 0.6523362720454841
1880 0.6075673116669403
1881 0.5714518424385268
1882 0.5681872231740458
1883 0.5616146839574047
1884 0.5555385871752664
1885 0.5693096682344811
1886 0.5962640296108753
1887 0.6268184102276696
1888 0.660955954658742
1889 0.6902527946833751
1890 0.7202698676324508
1891 0.7551564804562022
1892 0.782531247570644
1893 0.793391889866711
1894 0.7874718496194753
1895 0.7810872835409187
1896 0.7802505080330374
1897 0.7714705722745511
1898 0.7445951239134051
1899 0.7279802335758041
1900 0.728932574395432
1901 0.7242915697613537
1902 0.7197121480599206
1903 0.722072443328587
1904 0.7276387229052842
1905 0.7265217334247284
1906 0.7104509520228509
1907 0.7039010873872629
1908 0.7125672347942329
1909 0.7179756954943892
1910 0.7167410987317191
1911 0.7122497824936344
1912 0.7225332951752396
1913 0.7270781624273299
1914 0.7205955862413974
1915 0.7192949964080301
1916 0.7260117138248936
1917 0.7248012390076964
1918 0.7379978317724049
1919 0.7547874305639817
1920 0.771165053788538
1921 0.7895692719976863
1922 0.7914757566380589
1923 0.7809172924212441
1924 0.7912098418802374
1925 0.8077673638321551
1926 0.823539137908997
1927 0.8434330049496196
1928 0.8462088425678381
1929 0.8401446919422608
1930 0.8260227977817859
1931 0.8290959830151503
1932 0.8381376371865897
1933 0.8548737916659096
1934 0.8582336008887754
1935 0.8500251578480408
1936 0.8351981475744955
1937 0.8201092105341491
1938 0.8094044374447033
1939 0.8084294029787972
1940 0.8158269212707213
1941 0.8026790158558607
1942 0.7877536203309813
1943 0.7739015879769836
1944 0.7578501706955013
1945 0.7353283832795703
1946 0.7214757180658076
1947 0.7057542033816636
1948 0.6991275323517624
1949 0.6894026461595842
1950 0.6949289265792218
1951 0.7140092485272564
1952 0.7175948161713522
1953 0.7327209048458615
1954 0.7453453736075435
1955 0.7641347559890509
1956 0.7777516999712311
1957 0.7897595115687643
1958 0.7941091739408818
1959 0.8011171653037641
1960 0.7772602900434965
1961 0.743941076053482
1962 0.7122480026133418
1963 0.6863070178315439
1964 0.677732145894554
1965 0.6798381010041811
1966 0.6752544593947597
1967 0.6696304083842844
1968 0.6538054218067878
1969 0.6271897682665654
1970 0.632410980564336
1971 0.6364589770811145
1972 0.6432438239256227
1973 0.6317343057058764
1974 0.6094419282665596
1975 0.582046565225968
1976 0.5707841668196243
1977 0.5582027187606672
1978 0.5498681479834565
1979 0.5479109753165524
1980 0.5318218835068723
1981 0.5179611213835571
1982 0.5179070897320115
1983 0.5432613794665907
1984 0.5609282041245734
1985 0.5855967569547854
1986 0.6013919536687391
1987 0.6228412188099015
1988 0.6383474171394199
1989 0.665343138132319
1990 0.6953154353871076
1991 0.7166839119928596
1992 0.7345116136220672
1993 0.7257621083581526
1994 0.720758768635429
1995 0.7171066038163221
1996 0.7107272678096698
1997 0.7102399883434319
1998 0.7225193924135006
1999 0.7245247217261461
2000 0.7079998551351082
2001 0.6948274475398768
2002 0.6937387329284573
2003 0.6893453433433511
2004 0.6750551304760357
2005 0.6551061506255628
2006 0.6418984305375791
2007 0.6233353593302003
2008 0.5823321578242319
2009 0.5456296254948364
2010 0.5178595127529263
2011 0.4969033902257785
2012 0.46887850397463066
2013 0.4526529195462656
2014 0.44879764190640486
2015 0.4454064263249529
2016 0.433109364199646
2017 0.42409705120875674
2018 0.43256237741505094
2019 0.43745503406514336
2020 0.44674307213748804
2021 0.4529860318966407
2022 0.4586859684071484
2023 0.45313499612616676
2024 0.44745445556501234
2025 0.4472735079308759
2026 0.4546304142087143
2027 0.4636650591743454
2028 0.4665479382902273
2029 0.47849473670982406
2030 0.48047116132641504
2031 0.47060332687114675
2032 0.45016040277877356
2033 0.4308625979439029
2034 0.4092521503106498
2035 0.38704202271449706
2036 0.3694065623526921
2037 0.34663246385784996
2038 0.33149343186861313
2039 0.3313283939151849
2040 0.3477110091333286
2041 0.3799821269010852
2042 0.4132428217591324
2043 0.44953749159205664
2044 0.47971100878587647
2045 0.5077756307161473
2046 0.53049468092671
2047 0.5461853220546437
2048 0.5603789589523017
2049 0.5536941435467565
2050 0.5317217181824482
2051 0.5036757827667429
2052 0.48522451201121336
2053 0.4672389004330982
2054 0.4625183163004496
2055 0.47446098146514953
2056 0.4953298611903129
2057 0.5236230906098389
2058 0.5432258048399864
2059 0.5735066928181977
2060 0.6076435077610599
2061 0.6386186357521643
2062 0.6629236385015075
2063 0.6802795711981156
2064 0.7008692379405949
2065 0.7210152262290657
2066 0.7404018269411824
2067 0.748939235855862
2068 0.753175047492921
2069 0.7441701054293192
2070 0.74300217804901
2071 0.7685411880290935
2072 0.7782620896408569
2073 0.7901806619532902
2074 0.8017839596727833
2075 0.790292562504192
2076 0.7623366184062687
2077 0.743214951574766
2078 0.7330179688029955
2079 0.712918474790334
2080 0.6790737332689499
2081 0.6153003459002052
2082 0.5651484494150795
2083 0.5399016004043357
2084 0.5140663136545606
2085 0.49670773253155187
2086 0.4906383620686208
2087 0.48566023211801806
2088 0.48476908843118255
2089 0.5005325202071738
2090 0.5199436662957834
2091 0.5437925456376981
2092 0.5521784908057606
2093 0.5487290526688583
2094 0.539436385515479
2095 0.5399493546853591
2096 0.5703325348502571
2097 0.5599900511206454
2098 0.5492790296443045
2099 0.5311203656095095
2100 0.5245401152769554
