# contact :: CMIP6 INM-CM5-0_r1i1p1f1 10-year smoothed AMO - Hurricane Melissa, c.barnes22@imperial.ac.uk 
# amo [degC] AMO (SST averaged over 0°-60°N, 0°-80°W minus SST averaged over 60°S-60°N, averaged over 121 months and then per calendar year); Trenberth et al. 2016) at hurricane-melissa_amo-sm10_cmip6_INM-CM5-0_r1i1p1f1.dat
# year amo
1850 0.657660739472167
1851 0.6763864179183265
1852 0.6964717703012792
1853 0.7220726322809913
1854 0.7280980857850339
1855 0.7620196475728914
1856 0.7601397437056939
1857 0.7485475691373789
1858 0.7226491977045443
1859 0.7015648328321237
1860 0.6771178647226294
1861 0.6476154033930546
1862 0.6202903579565172
1863 0.5852353005418771
1864 0.5558949284001142
1865 0.5451770064994228
1866 0.543481597088585
1867 0.5307459621626469
1868 0.5289281382530006
1869 0.5318895965010508
1870 0.5215956433302728
1871 0.515099809748614
1872 0.5138898289971096
1873 0.5231204652847529
1874 0.5372256458777395
1875 0.5513925468837736
1876 0.5620951860270399
1877 0.5742506616436341
1878 0.5750870782879511
1879 0.5618545162621874
1880 0.552091707839444
1881 0.5484283458047836
1882 0.5350516282516549
1883 0.5269668279096712
1884 0.516052887456402
1885 0.508924079989255
1886 0.5120325474272946
1887 0.5159355999610367
1888 0.5351974157367336
1889 0.5548432166128747
1890 0.5879267091964296
1891 0.6096339953409736
1892 0.630636588776688
1893 0.6342004539207005
1894 0.6428105602165665
1895 0.6434242486905234
1896 0.6350311026162666
1897 0.6278106362663709
1898 0.6192256223146697
1899 0.6035896074652827
1900 0.582402982064944
1901 0.5867129779598526
1902 0.580888605270237
1903 0.564874745393638
1904 0.5536485075536751
1905 0.5451075171965893
1906 0.5401848651060146
1907 0.5479791239618672
1908 0.548632142756758
1909 0.5571408082359636
1910 0.5665138746813224
1911 0.568503190011279
1912 0.5945244237232479
1913 0.637920638537675
1914 0.6642447307039835
1915 0.6811113567599532
1916 0.6933377842426323
1917 0.6954150306761929
1918 0.7027440094256283
1919 0.7218668895965235
1920 0.7415288800180999
1921 0.7526673678799002
1922 0.7524889511580989
1923 0.7510201407311738
1924 0.7509611826995132
1925 0.7676583201857626
1926 0.7854122600563161
1927 0.8095590527200961
1928 0.823165929483991
1929 0.8231269179745456
1930 0.8264209161506738
1931 0.8258113369448132
1932 0.8162183184186272
1933 0.8026886475305021
1934 0.7950349738204405
1935 0.7757613358713926
1936 0.7450452630898798
1937 0.7213050493503314
1938 0.7130800548797186
1939 0.6951889690284542
1940 0.6598769358793906
1941 0.6313073146631699
1942 0.598781215107539
1943 0.579899023436813
1944 0.5626407449550802
1945 0.5548268825597032
1946 0.5565879052843942
1947 0.547965659974106
1948 0.530832836626113
1949 0.5095004943707128
1950 0.5093827598120341
1951 0.515612438644832
1952 0.5493096395549469
1953 0.5742784360939212
1954 0.5860336559571868
1955 0.5913494321789009
1956 0.5904337434997778
1957 0.5906301575215581
1958 0.5978807168362634
1959 0.6197532770938278
1960 0.6369552025760034
1961 0.6356930616406367
1962 0.6247466664672466
1963 0.6088717147960092
1964 0.5925359850656392
1965 0.5843172875319932
1966 0.5875156885809221
1967 0.5966224318481269
1968 0.5903850645729792
1969 0.5797044763407228
1970 0.5701130264682619
1971 0.5569013257618353
1972 0.5472968712989806
1973 0.5451957027104563
1974 0.549817214994015
1975 0.5587833070686166
1976 0.5578380673438643
1977 0.538606943817081
1978 0.5090691654032171
1979 0.4752377250897361
1980 0.46752376015356534
1981 0.47877919678859043
1982 0.4904415368600905
1983 0.4860433048716433
1984 0.4799432205273033
1985 0.46719560176122044
1986 0.46393842530884366
1987 0.47753131918859487
1988 0.5082530633656355
1989 0.5513275545654368
1990 0.5751774643000024
1991 0.5830566584594273
1992 0.5806527957606706
1993 0.5853648534105871
1994 0.5957824227408531
1995 0.6061497391632805
1996 0.6002798269735657
1997 0.5969190782307244
1998 0.5937294963814647
1999 0.5899015252829748
2000 0.5887066282068992
2001 0.5908706271040913
2002 0.6032462267571309
2003 0.6039243983759963
2004 0.6003615288383227
2005 0.5995370247756561
2006 0.6046408415396013
2007 0.6064760314615972
2008 0.6108738687807965
2009 0.6154129296267146
2010 0.6096263431854002
2011 0.6073153582739993
2012 0.6056442876471775
2013 0.6057487457858729
2014 0.6081578856632649
2015 0.6123747539719675
2016 0.6265079158193975
2017 0.6439997457057534
2018 0.6489904560262559
2019 0.6545407381468075
2020 0.6846146776096251
2021 0.7080273681610306
2022 0.7219749358947979
2023 0.7390375642819321
2024 0.7669412654975281
2025 0.7985604979437099
2026 0.8069354841557752
2027 0.811711333854341
2028 0.8196764385427225
2029 0.8222888864828133
2030 0.801188236699343
2031 0.7903891623818282
2032 0.7884241143231039
2033 0.7812998915939793
2034 0.770489033634593
2035 0.7525682148334637
2036 0.7525594466744225
2037 0.752965925334486
2038 0.7549871449457437
2039 0.7635972428182702
2040 0.7617101201177295
2041 0.7564430490255004
2042 0.7499783992546879
2043 0.7364244159464161
2044 0.723429054648037
2045 0.7115133676654266
2046 0.6942919744139605
2047 0.6881928046058633
2048 0.6869542544573659
2049 0.6862279238167859
2050 0.7002514646944712
2051 0.7080053148892432
2052 0.7022941390218634
2053 0.7105237199617577
2054 0.7251359878920192
2055 0.7392498853683297
2056 0.7473740183077733
2057 0.7348860307883678
2058 0.7217148207161386
2059 0.7070292866248363
2060 0.7015750567345469
2061 0.7107390853273771
2062 0.7090882344211625
2063 0.704982014227189
2064 0.6877470663238222
2065 0.6811579199134399
2066 0.6858051000354265
2067 0.706239947222263
2068 0.7224141738752846
2069 0.7403235164282624
2070 0.7577852739979742
2071 0.7535549396042914
2072 0.7640225351269062
2073 0.7896884732949623
2074 0.8176891085018648
2075 0.8410860521183627
2076 0.8471276199151384
2077 0.8351281454907342
2078 0.8359334138070699
2079 0.8357653136553483
2080 0.8278487523319239
2081 0.8222358014084622
2082 0.8282625842922582
2083 0.8022503979156977
2084 0.7723038051744734
2085 0.7390722707430532
2086 0.7076768655281994
2087 0.7062306101030039
2088 0.6949716807409452
2089 0.6844119883629148
2090 0.689828703010706
2091 0.7063727348051164
2092 0.7110280273177669
2093 0.721713003559575
2094 0.7420312461104906
2095 0.7618278571218755
2096 0.8304097604008521
2097 0.8482521795016241
2098 0.8732582555908
2099 0.8972251091522309
2100 0.8982351940327132
